! MCLP Instance: random_I100_J500_B15.0_R6.5_s42
! Generated from: M1.json
! Facilities: 100, Customers: 500
! Budget: 15.00

! === SCALARS ===
nI: 100
nJ: 500
BUDGET: 15.0

! === FACILITY INDICES ===
FACILITIES: [0 1 2 3 4 5 6 7 8 9 10 11 12 13 14 15 16 17 18 19 20 21 22 23 24 25 26 27 28 29 30 31 32 33 34 35 36 37 38 39 40 41 42 43 44 45 46 47 48 49 50 51 52 53 54 55 56 57 58 59 60 61 62 63 64 65 66 67 68 69 70 71 72 73 74 75 76 77 78 79 80 81 82 83 84 85 86 87 88 89 90 91 92 93 94 95 96 97 98 99]

! === CUSTOMER INDICES ===
CUSTOMERS: [0 1 2 3 4 5 6 7 8 9 10 11 12 13 14 15 16 17 18 19 20 21 22 23 24 25 26 27 28 29 30 31 32 33 34 35 36 37 38 39 40 41 42 43 44 45 46 47 48 49 50 51 52 53 54 55 56 57 58 59 60 61 62 63 64 65 66 67 68 69 70 71 72 73 74 75 76 77 78 79 80 81 82 83 84 85 86 87 88 89 90 91 92 93 94 95 96 97 98 99 100 101 102 103 104 105 106 107 108 109 110 111 112 113 114 115 116 117 118 119 120 121 122 123 124 125 126 127 128 129 130 131 132 133 134 135 136 137 138 139 140 141 142 143 144 145 146 147 148 149 150 151 152 153 154 155 156 157 158 159 160 161 162 163 164 165 166 167 168 169 170 171 172 173 174 175 176 177 178 179 180 181 182 183 184 185 186 187 188 189 190 191 192 193 194 195 196 197 198 199 200 201 202 203 204 205 206 207 208 209 210 211 212 213 214 215 216 217 218 219 220 221 222 223 224 225 226 227 228 229 230 231 232 233 234 235 236 237 238 239 240 241 242 243 244 245 246 247 248 249 250 251 252 253 254 255 256 257 258 259 260 261 262 263 264 265 266 267 268 269 270 271 272 273 274 275 276 277 278 279 280 281 282 283 284 285 286 287 288 289 290 291 292 293 294 295 296 297 298 299 300 301 302 303 304 305 306 307 308 309 310 311 312 313 314 315 316 317 318 319 320 321 322 323 324 325 326 327 328 329 330 331 332 333 334 335 336 337 338 339 340 341 342 343 344 345 346 347 348 349 350 351 352 353 354 355 356 357 358 359 360 361 362 363 364 365 366 367 368 369 370 371 372 373 374 375 376 377 378 379 380 381 382 383 384 385 386 387 388 389 390 391 392 393 394 395 396 397 398 399 400 401 402 403 404 405 406 407 408 409 410 411 412 413 414 415 416 417 418 419 420 421 422 423 424 425 426 427 428 429 430 431 432 433 434 435 436 437 438 439 440 441 442 443 444 445 446 447 448 449 450 451 452 453 454 455 456 457 458 459 460 461 462 463 464 465 466 467 468 469 470 471 472 473 474 475 476 477 478 479 480 481 482 483 484 485 486 487 488 489 490 491 492 493 494 495 496 497 498 499]

! === FACILITY COSTS ===
COST: [7.590000 2.400000 6.410000 9.730000 2.640000 5.720000 6.510000 4.300000 2.800000 1.420000 1.590000 8.280000 7.160000 5.460000 3.330000 5.680000 9.730000 9.050000 1.800000 3.930000 8.460000 5.880000 1.670000 2.790000 7.360000 1.670000 8.770000 1.570000 7.570000 5.250000 7.850000 5.440000 1.230000 6.730000 9.170000 7.800000 3.610000 8.270000 8.230000 5.850000 3.860000 4.840000 1.060000 3.000000 9.490000 7.330000 9.660000 3.710000 6.490000 3.510000 2.300000 3.180000 3.140000 6.690000 1.810000 2.680000 7.100000 3.040000 7.220000 2.240000 9.320000 6.940000 5.770000 9.070000 4.050000 9.070000 6.780000 9.090000 1.910000 2.450000 6.870000 3.140000 6.850000 6.110000 3.390000 4.540000 8.150000 5.430000 3.530000 2.590000 9.230000 9.350000 9.670000 4.470000 2.530000 7.260000 6.540000 5.660000 7.270000 3.640000 8.800000 5.510000 7.320000 4.040000 6.200000 5.880000 1.270000 4.240000 7.930000 1.770000]

! === CUSTOMER DEMANDS ===
DEMAND: [47.000000 16.000000 30.000000 19.000000 90.000000 9.000000 1.000000 48.000000 1.000000 63.000000 67.000000 86.000000 69.000000 62.000000 90.000000 33.000000 10.000000 52.000000 58.000000 4.000000 2.000000 91.000000 35.000000 51.000000 65.000000 44.000000 46.000000 35.000000 93.000000 34.000000 58.000000 29.000000 36.000000 64.000000 36.000000 24.000000 12.000000 89.000000 62.000000 13.000000 12.000000 9.000000 52.000000 69.000000 85.000000 57.000000 58.000000 5.000000 75.000000 74.000000 7.000000 9.000000 5.000000 8.000000 17.000000 4.000000 19.000000 91.000000 67.000000 58.000000 39.000000 62.000000 25.000000 6.000000 45.000000 85.000000 99.000000 47.000000 31.000000 3.000000 12.000000 76.000000 92.000000 60.000000 41.000000 63.000000 84.000000 13.000000 82.000000 25.000000 5.000000 65.000000 11.000000 86.000000 33.000000 1.000000 92.000000 3.000000 37.000000 85.000000 51.000000 65.000000 92.000000 34.000000 50.000000 5.000000 17.000000 79.000000 75.000000 98.000000 30.000000 98.000000 88.000000 51.000000 10.000000 84.000000 53.000000 43.000000 23.000000 16.000000 56.000000 27.000000 51.000000 92.000000 70.000000 90.000000 90.000000 47.000000 94.000000 81.000000 99.000000 56.000000 87.000000 26.000000 7.000000 18.000000 15.000000 28.000000 86.000000 17.000000 10.000000 86.000000 83.000000 52.000000 56.000000 33.000000 70.000000 75.000000 24.000000 31.000000 95.000000 75.000000 94.000000 57.000000 26.000000 70.000000 84.000000 47.000000 38.000000 77.000000 50.000000 10.000000 2.000000 73.000000 24.000000 95.000000 50.000000 9.000000 1.000000 64.000000 14.000000 37.000000 26.000000 42.000000 39.000000 38.000000 97.000000 66.000000 51.000000 67.000000 64.000000 33.000000 36.000000 27.000000 86.000000 74.000000 31.000000 52.000000 5.000000 45.000000 36.000000 69.000000 38.000000 90.000000 13.000000 97.000000 76.000000 5.000000 92.000000 51.000000 86.000000 21.000000 87.000000 55.000000 47.000000 52.000000 35.000000 75.000000 91.000000 43.000000 54.000000 70.000000 29.000000 28.000000 81.000000 86.000000 49.000000 94.000000 83.000000 49.000000 40.000000 47.000000 94.000000 1.000000 3.000000 34.000000 92.000000 8.000000 88.000000 72.000000 67.000000 8.000000 78.000000 16.000000 85.000000 82.000000 23.000000 19.000000 2.000000 11.000000 87.000000 37.000000 98.000000 86.000000 30.000000 96.000000 14.000000 25.000000 4.000000 98.000000 18.000000 41.000000 25.000000 86.000000 6.000000 53.000000 26.000000 46.000000 65.000000 26.000000 11.000000 39.000000 55.000000 69.000000 20.000000 81.000000 98.000000 73.000000 89.000000 25.000000 44.000000 12.000000 49.000000 55.000000 80.000000 21.000000 80.000000 89.000000 26.000000 71.000000 86.000000 7.000000 59.000000 94.000000 59.000000 31.000000 45.000000 40.000000 39.000000 93.000000 33.000000 66.000000 30.000000 18.000000 39.000000 93.000000 16.000000 10.000000 84.000000 3.000000 68.000000 48.000000 73.000000 68.000000 61.000000 39.000000 11.000000 71.000000 20.000000 74.000000 41.000000 6.000000 87.000000 61.000000 82.000000 32.000000 89.000000 98.000000 92.000000 98.000000 40.000000 98.000000 72.000000 18.000000 77.000000 40.000000 58.000000 40.000000 6.000000 92.000000 41.000000 53.000000 38.000000 45.000000 23.000000 53.000000 2.000000 39.000000 27.000000 95.000000 35.000000 71.000000 63.000000 37.000000 96.000000 64.000000 10.000000 82.000000 29.000000 52.000000 11.000000 32.000000 26.000000 4.000000 39.000000 75.000000 78.000000 67.000000 92.000000 59.000000 69.000000 38.000000 64.000000 18.000000 72.000000 93.000000 46.000000 93.000000 60.000000 15.000000 17.000000 9.000000 63.000000 2.000000 77.000000 94.000000 95.000000 89.000000 8.000000 41.000000 32.000000 92.000000 32.000000 97.000000 33.000000 66.000000 15.000000 49.000000 6.000000 95.000000 8.000000 84.000000 7.000000 6.000000 3.000000 14.000000 87.000000 19.000000 8.000000 32.000000 18.000000 56.000000 74.000000 54.000000 76.000000 58.000000 4.000000 60.000000 96.000000 98.000000 34.000000 58.000000 18.000000 99.000000 94.000000 78.000000 38.000000 60.000000 89.000000 17.000000 66.000000 65.000000 45.000000 10.000000 74.000000 1.000000 76.000000 84.000000 47.000000 44.000000 6.000000 78.000000 20.000000 35.000000 69.000000 12.000000 88.000000 89.000000 95.000000 23.000000 45.000000 8.000000 8.000000 86.000000 90.000000 82.000000 76.000000 68.000000 80.000000 90.000000 64.000000 41.000000 77.000000 98.000000 19.000000 23.000000 88.000000 85.000000 71.000000 93.000000 35.000000 99.000000 66.000000 26.000000 28.000000 12.000000 79.000000 48.000000 43.000000 80.000000 25.000000 68.000000 34.000000 52.000000 28.000000 36.000000 77.000000 75.000000 39.000000 56.000000 56.000000 7.000000 45.000000 22.000000 9.000000 88.000000 72.000000 91.000000 19.000000 89.000000 97.000000 49.000000 21.000000 15.000000 11.000000 57.000000 35.000000 42.000000 75.000000 19.000000 32.000000 97.000000 97.000000 68.000000 60.000000 21.000000 67.000000 3.000000 44.000000 98.000000]

! === COVERAGE SETS I_j ===
! For each customer j: list of facilities that can cover j
COVERAGE_I_j: [
  (0) [30 44 47 56 57 74 79 95 98 99]
  (1) [1 3 4 10 15 16 27 49 58 61 68 69 86]
  (2) [62 64 73 76 91]
  (3) [5 7 35 41 44 56 57 74 95 98]
  (4) [1 6 10 12 13 16 20 26 36 48 49 60 63 68 81 86 94]
  (5) [11 17 23 40 42 64 66 73 80 88 90 93]
  (6) [1 3 4 10 16 49 58 68 69 86]
  (7) [1 6 10 12 13 16 20 21 26 27 28 32 43 49 58 60 86 94]
  (8) [0 2 14 22 24 37 39 46 59 75 78 97]
  (9) [23 40 42 64 66 73 76 80 88 90 92]
  (10) [8 9 31 59 65 70 71 72 77 96]
  (11) [5 6 7 20 21 28 34 35 41 44 45 47 74 98]
  (12) [7 19 33 41 67]
  (13) [5 7 35 41 44 57 67 74 95 98]
  (14) [15 27 32 43 53 54 55 62 84 89 91 92]
  (15) [17 18 25 29 31 38 40 42 52 66 73 88 90 92 93]
  (16) [8 9 31 34 45 54 65 70 72 77 96]
  (17) [11 17 23 40 42 66 80 88 90 93]
  (18) [8 9 34 45 47 65 70 71 72 77 78 96 99]
  (19) [9 32 34 43 45 54 70 77]
  (20) [17 18 25 29 31 38 40 51 52 82 85 93]
  (21) [30 56 57 79 95 98 99]
  (22) [23 25 42 52 62 64 66 73 76 88 90 91 92 93]
  (23) [9 15 27 32 43 53 54 62 77 89]
  (24) [25 52 54 62 64 66 73 76 88 90 91 92]
  (25) [11 17 23 40 42 66 80 88 90 93]
  (26) [5 6 7 12 13 19 20 21 26 28 35 36 41 44 48 60 63 67 94]
  (27) [19 33 36 41 67]
  (28) [8 9 34 45 47 65 70 71 72 77 78 96 99]
  (29) [3 4 69 87]
  (30) [5 28 34 35 44 45 47 74 96 98 99]
  (31) [9 25 31 52 54 62 64 70 73 76 77 88 90 92]
  (32) [5 7 35 41 44 56 57 74 95 98]
  (33) [2 14 22 24 30 37 39 56 65 71 72 78 79 96 97 99]
  (34) [8 9 18 25 29 31 38 52 54 70 77 85]
  (35) [0 8 31 46 59 65 70 71 72 78 82 96]
  (36) [62 64 73 76 88 91 92]
  (37) [0 8 9 31 59 65 70 71 72 77 82 96]
  (38) [5 6 7 20 21 28 34 35 41 44 45 47 74 98]
  (39) [6 9 15 16 20 21 27 28 32 43 45 54 77 89]
  (40) [4 50 53 55 61 62 83 84 89 91]
  (41) [11 17 23 40 42 66 80 88 90 93]
  (42) [0 8 37 39 46 51 59 72 75 82]
  (43) [8 9 25 31 32 52 54 70 77]
  (44) [5 6 7 20 21 28 34 35 41 44 45 47 74]
  (45) [17 18 25 29 31 38 40 42 52 66 73 76 88 90 92 93]
  (46) [2 14 22 24 37 39 75 97]
  (47) [30 47 56 57 74 79 95 98 99]
  (48) [53 54 62 64 73 76 89 91 92]
  (49) [5 7 12 19 33 36 41 44 48 63 67]
  (50) [11 17 23 25 29 38 40 42 52 66 73 80 88 90 93]
  (51) [1 6 10 12 13 16 20 21 26 28 43 49 60 81 86 94]
  (52) [23 25 40 42 52 62 64 66 73 76 88 90 91 92 93]
  (53) [1 6 10 13 15 16 20 21 26 27 32 43 49 58 60 86 94]
  (54) [5 6 20 21 28 32 34 35 43 45 47]
  (55) [11 17 40 42 66 80 93]
  (56) [8 9 34 45 65 70 71 72 77 78 96 99]
  (57) [53 54 62 64 73 76 88 89 91 92]
  (58) [5 6 7 20 21 28 34 35 41 44 45 47 74]
  (59) [5 6 7 20 21 28 34 35 44 45 47 74 96 98]
  (60) [17 18 25 29 31 38 40 42 52 64 66 70 73 76 88 90 92 93]
  (61) [25 52 53 54 62 64 73 76 88 91 92]
  (62) [6 9 20 21 28 32 34 35 43 45 47 77 96]
  (63) [4 50 53 55 61 83 84 87 89]
  (64) [11 17 18 29 38 40 42 66 80 90 93]
  (65) [2 14 22 24 30 37 39 97]
  (66) [4 50 87]
  (67) [1 3 4 10 16 49 58 68 69 86]
  (68) [8 9 25 29 31 38 52 54 70 77 90 92]
  (69) [23 64 66 73 76 88 91 92]
  (70) [3 4 50 61 87]
  (71) [4 50 61 87]
  (72) [5 7 28 35 41 44 57 67 74 95 98]
  (73) [15 27 32 43 53 54 55 58 84 89]
  (74) [1 3 10 13 16 49 58 68 69 86 94]
  (75) [5 7 21 28 34 35 44 45 47 74 96 98 99]
  (76) [1 6 10 13 15 16 20 21 27 32 43 53 58 86 89]
  (77) [1 6 10 15 16 20 27 32 43 53 58 86 89]
  (78) [11 17 23 25 40 42 64 66 73 76 80 88 90 92 93]
  (79) [8 9 32 34 43 45 47 65 70 72 77 96 99]
  (80) [0 8 18 31 46 51 59 72 75 82 85]
  (81) [5 7 41 44 56 57 74 95 98]
  (82) [0 8 18 29 38 46 51 59 82 85]
  (83) [6 10 15 16 27 32 43 53 54 58 77 89]
  (84) [54 62 64 73 76 88 91 92]
  (85) [6 9 20 21 27 28 32 34 43 45 54 77]
  (86) [19 33 36 41 67]
  (87) [11 17 29 40 42 80 90 93]
  (88) [8 9 18 25 29 31 38 52 65 70 77 85]
  (89) [4 15 27 50 53 54 55 61 62 83 84 89 91]
  (90) [1 6 10 12 13 16 20 21 26 48 49 58 60 63 68 81 86 94]
  (91) [5 6 7 12 13 19 20 21 26 28 35 36 41 44 48 60 63 67 81 94]
  (92) [9 25 31 52 54 62 70 73 77 92]
  (93) [12 13 19 26 33 36 48 60 63 81 94]
  (94) [0 8 18 29 31 38 46 51 52 59 65 70 72 82 85]
  (95) [62 64 73 76 88 91 92]
  (96) [2 14 22 24 30 37 39 56 71 78 79 97 99]
  (97) [12 19 33 36 41 48 63 67]
  (98) [25 52 54 62 64 66 73 76 88 90 91 92]
  (99) [5 7 12 19 21 26 28 33 36 41 48 60 63 67 81 94]
  (100) [9 34 35 45 47 65 71 72 77 78 96 99]
  (101) [1 3 10 13 16 26 49 58 60 68 69 81 86 94]
  (102) [9 28 32 34 35 43 45 47 65 77 96 99]
  (103) [4 50 53 55 61 83 84 87 91]
  (104) [17 18 25 29 31 38 40 42 52 66 70 73 85 88 90 92 93]
  (105) [55 62 64 73 76 83 84 91 92]
  (106) [0 8 18 29 38 46 51 59 75 82 85]
  (107) [5 6 12 13 16 20 21 26 28 36 48 60 63 81 94]
  (108) [12 13 19 26 33 36 41 48 60 63 67 81 94]
  (109) [5 7 12 19 33 36 41 44 48 60 63 67]
  (110) [1 3 4 10 13 15 16 27 49 53 58 68 69 86 89]
  (111) [0 8 18 31 46 51 59 65 72 75 82 85]
  (112) [1 3 4 10 15 16 27 49 53 58 68 69 86 89]
  (113) [5 7 19 33 36 41 44 63 67 74]
  (114) [12 13 19 26 36 48 49 60 63 81 94]
  (115) [5 7 34 35 44 45 47 56 57 74 79 95 96 98 99]
  (116) [3 4 50 55 61 83 84 87]
  (117) [1 3 10 16 49 58 68 69 86]
  (118) [1 3 10 13 16 49 58 68 69 86]
  (119) [5 7 28 34 35 41 44 47 57 74 95 98]
  (120) [0 8 22 30 37 39 46 59 65 71 72 75 78 96 99]
  (121) [5 7 12 19 20 21 26 28 33 35 36 41 44 48 60 63 67 74]
  (122) [8 9 31 32 34 43 45 54 65 70 72 77 96]
  (123) [8 9 18 25 29 31 38 52 54 65 70 72 77]
  (124) [5 7 41 44 67 74 95]
  (125) [17 18 25 29 31 38 40 42 52 66 70 85 88 90 93]
  (126) [9 32 34 43 45 47 54 70 77 96]
  (127) [2 14 22 24 30 37 39 56 71 78 79 97 98 99]
  (128) [5 7 41 44 57 67 74 95]
  (129) [6 12 13 19 20 21 26 28 36 48 49 60 63 81 94]
  (130) [6 9 20 21 28 32 34 35 43 45 47 77 96 99]
  (131) [53 54 55 62 64 73 76 83 84 89 91 92]
  (132) [8 9 18 25 29 31 38 52 54 70 77 85]
  (133) [5 6 20 21 28 32 34 35 43 45 47]
  (134) [9 32 43 52 54 62 70 77 92]
  (135) [1 6 10 13 15 16 20 21 27 28 32 43 58 89]
  (136) [5 7 41 44 67 74]
  (137) [5 7 12 13 19 20 21 26 28 33 36 41 48 60 63 67 81 94]
  (138) [2 14 22 24 30 37 39 71 78 79 97]
  (139) [3 4 50 61 87]
  (140) [0 8 18 46 51 59 75 82 85]
  (141) [23 62 64 66 73 76 88 91 92]
  (142) [11 17 23 25 40 42 52 64 66 73 76 80 88 90 92 93]
  (143) [22 30 34 45 47 56 65 71 72 78 79 96 97 98 99]
  (144) [9 53 54 62 64 73 76 89 91 92]
  (145) [0 8 22 30 37 39 59 65 71 72 75 78 96 99]
  (146) [23 42 64 66 73 76 88 90 91 92]
  (147) [1 6 10 13 15 16 20 21 26 27 28 32 43 49 58 60 86 94]
  (148) [17 18 25 29 31 38 40 42 52 66 70 73 88 90 92 93]
  (149) [1 3 6 10 13 15 16 27 49 58 68 69 86 94]
  (150) [1 3 10 13 16 26 49 58 60 68 69 81 86 94]
  (151) [9 32 34 43 45 47 54 65 70 77 96]
  (152) [4 50 55 61 83 84 87 91]
  (153) [5 7 19 33 36 41 44 63 67]
  (154) [25 52 54 62 64 73 76 88 91 92]
  (155) [8 18 25 29 31 38 52 70 85 90 93]
  (156) [11 17 23 25 40 42 64 66 73 76 80 88 90 93]
  (157) [2 14 22 24 30 37 39 56 71 72 78 79 96 97 98 99]
  (158) [5 7 20 21 28 34 35 41 44 45 47 74 95 98]
  (159) [25 52 53 54 62 64 73 76 88 91 92]
  (160) [17 18 23 25 29 38 40 42 52 66 73 80 88 90 92 93]
  (161) [11 17 23 25 29 38 40 42 52 66 73 76 80 88 90 92 93]
  (162) [23 25 42 52 62 64 66 73 76 88 90 91 92]
  (163) [4 50 53 55 61 83 84 87 89 91]
  (164) [0 8 31 46 51 59 65 70 71 72 75 82 85]
  (165) [17 18 25 29 31 38 40 42 52 66 85 90 93]
  (166) [6 9 15 27 32 43 53 54 77 89]
  (167) [0 2 14 22 37 39 46 59 65 71 72 75 78 82 97]
  (168) [0 8 18 29 31 38 46 51 52 59 70 82 85]
  (169) [6 9 15 27 32 43 53 54 77 89]
  (170) [1 6 10 15 16 27 32 43 53 54 55 58 89]
  (171) [2 14 22 24 30 37 39 71 72 75 78 97]
  (172) [0 8 18 29 31 38 46 51 52 59 70 82 85]
  (173) [23 42 64 66 73 76 80 88 90]
  (174) [1 3 4 10 58 68 69 86]
  (175) [15 27 32 53 54 55 62 73 89 91 92]
  (176) [0 8 22 37 39 46 59 65 71 72 75 78 82]
  (177) [6 9 20 21 28 32 34 35 43 45 47 77 96]
  (178) [0 8 31 46 51 59 65 70 71 72 78 82 85]
  (179) [6 9 15 20 21 27 28 32 34 43 45 54 77]
  (180) [9 25 31 52 54 62 64 70 73 76 88 90 92]
  (181) [1 6 10 13 15 16 20 21 27 32 43 49 58 86 89]
  (182) [11 17 25 29 38 40 42 66 80 90 93]
  (183) [5 7 21 28 34 35 44 45 47 74 95 96 98 99]
  (184) [4 50 55 61 83 84 87]
  (185) [5 7 12 19 33 36 41 48 60 63 67]
  (186) [2 14 22 24 30 37 39 97]
  (187) [2 14 22 24 30 37 39 75 97]
  (188) [23 25 42 62 64 66 73 76 88 90 91 92]
  (189) [12 13 16 19 20 21 26 36 48 49 60 63 81 86 94]
  (190) [11 17 18 25 29 38 40 42 52 66 80 85 90 93]
  (191) [4 50 55 61 83 84 87]
  (192) [5 7 12 19 21 26 28 33 36 41 44 48 60 63 67 74]
  (193) [11 17 23 25 40 42 66 80 88 90 93]
  (194) [22 30 34 35 45 47 56 65 71 72 78 79 96 98 99]
  (195) [5 7 35 41 44 57 67 74 95 98]
  (196) [25 52 54 62 64 66 73 76 88 90 91 92]
  (197) [9 32 34 35 43 45 47 65 70 77 96 99]
  (198) [55 61 62 64 73 76 83 84 91]
  (199) [15 27 32 53 54 55 62 83 84 89 91 92]
  (200) [2 14 22 24 37 39 97]
  (201) [5 7 34 35 44 45 47 56 57 74 79 95 96 98 99]
  (202) [5 7 41 44 57 67 74 95]
  (203) [8 9 25 31 32 52 54 70 77]
  (204) [5 28 34 35 44 45 47 56 57 71 74 78 95 96 98 99]
  (205) [4 50 55 61 83 84 87]
  (206) [2 14 22 24 37 39 75 97]
  (207) [5 6 7 12 20 21 26 28 34 35 41 44 45 47 60 74]
  (208) [1 3 4 10 15 16 27 50 53 55 58 61 83 84 86 89]
  (209) [6 9 20 21 28 32 34 35 43 45 47 77 96 99]
  (210) [7 44 56 57 74 79 95 98]
  (211) [1 6 10 15 16 20 27 32 43 53 58 86 89]
  (212) [9 32 34 43 45 54 70 77]
  (213) [1 3 6 10 13 15 16 20 26 27 49 58 68 69 86 94]
  (214) [12 13 19 20 21 26 36 48 49 60 63 81 94]
  (215) [5 6 12 13 16 20 21 26 28 32 35 43 60 94]
  (216) [12 13 16 19 26 36 48 49 60 63 68 81 86 94]
  (217) [11 17 23 25 29 38 40 42 52 66 73 80 88 90 93]
  (218) [5 7 33 41 44 67 74]
  (219) [5 28 34 35 44 45 47 56 57 71 74 95 96 98 99]
  (220) [2 14 22 24 30 37 39 71 78 79 97 99]
  (221) [62 64 73 76 88 91 92]
  (222) [5 7 33 36 41 44 63 67 74]
  (223) [8 18 25 29 31 38 51 52 70 85 90 93]
  (224) [8 9 31 34 45 65 70 71 72 77 78 96 99]
  (225) [6 13 16 20 21 26 28 32 34 35 43 45]
  (226) [19 33 36 41 67]
  (227) [3 4 50 55 58 61 83 84 87]
  (228) [6 9 15 27 32 43 53 54 77 89]
  (229) [23 62 64 66 73 76 88 90 91 92]
  (230) [5 6 7 20 21 28 34 35 41 44 45 47 74 96 98]
  (231) [2 14 22 24 30 37 39 78 79 97]
  (232) [9 32 34 35 43 45 47 65 70 72 77 96 99]
  (233) [4 50 53 55 61 83 84 87 89]
  (234) [1 3 4 10 50 55 58 61 68 69 83 84 86 87]
  (235) [0 8 18 29 31 38 46 51 59 70 82 85]
  (236) [12 13 16 26 36 48 49 60 63 68 81 86 94]
  (237) [25 29 31 38 40 42 52 54 62 64 66 70 73 76 88 90 92 93]
  (238) [5 7 12 13 19 20 21 26 28 33 36 41 48 60 63 67 81 94]
  (239) [2 14 22 24 30 37 39 71 75 78 97]
  (240) [12 13 19 26 33 36 48 60 63 81 94]
  (241) [0 8 18 25 29 31 38 51 52 59 65 70 72 82 85]
  (242) [34 35 45 47 65 71 72 78 96 98 99]
  (243) [8 9 31 38 52 65 70 72 77]
  (244) [2 14 22 24 30 37 39 71 75 78 97]
  (245) [1 4 10 15 16 27 50 53 55 58 61 83 84 89]
  (246) [0 2 14 22 24 30 37 39 46 59 71 75 78 97]
  (247) [0 8 9 31 46 59 65 70 71 72 78 82 96]
  (248) [5 7 19 33 36 41 44 63 67 74]
  (249) [22 30 47 56 57 71 78 79 95 96 98 99]
  (250) [2 14 22 24 30 37 39 71 78 79 97]
  (251) [8 9 31 34 45 65 70 71 72 77 78 96 99]
  (252) [17 18 25 29 31 38 40 51 52 82 85 93]
  (253) [17 18 25 29 31 38 40 42 51 52 85 90 93]
  (254) [1 6 10 13 15 16 20 21 26 27 28 32 43 58 60 86 94]
  (255) [2 14 22 24 30 37 39 71 72 75 78 97]
  (256) [8 9 31 32 34 43 45 54 65 70 77 96]
  (257) [9 15 27 32 43 53 54 62 77 89]
  (258) [2 14 22 24 30 39 56 71 78 79 97 98 99]
  (259) [9 25 52 54 62 64 70 73 76 77 92]
  (260) [0 2 8 22 30 37 39 46 59 65 71 72 75 78 97 99]
  (261) [87]
  (262) [6 12 13 16 19 20 21 26 36 48 49 60 63 81 86 94]
  (263) [2 14 22 24 37 39 75 97]
  (264) [1 3 10 13 16 26 49 58 60 68 69 81 86 94]
  (265) [23 25 40 42 52 62 64 66 73 76 88 90 92 93]
  (266) [17 25 29 31 38 40 42 52 62 64 66 70 73 76 88 90 92 93]
  (267) [4 15 50 53 55 61 83 84 87 89]
  (268) [8 9 25 29 31 38 52 54 70 73 77 90 92]
  (269) [2 14 22 24 30 56 57 71 78 79 97 98 99]
  (270) [62 64 73 76 91]
  (271) [3 4 50 87]
  (272) [0 8 22 37 39 46 51 59 65 72 75 82]
  (273) [55 62 64 73 76 83 84 91]
  (274) [5 7 35 44 47 56 57 74 79 95 98]
  (275) [3 4 69 87]
  (276) [9 32 34 35 43 45 47 65 71 72 77 96 99]
  (277) [2 22 24 30 56 57 71 78 79 97 98 99]
  (278) [6 9 20 21 27 28 32 34 35 43 45 47 77]
  (279) [9 28 34 35 45 47 65 71 72 77 96 98 99]
  (280) [8 9 18 25 29 31 38 40 42 52 54 70 73 88 90 92 93]
  (281) [23 62 64 66 73 76 88 90 91 92]
  (282) [2 14 22 24 30 37 39 97]
  (283) [7 33 41 44 67 74]
  (284) [11 17 23 25 40 42 64 66 73 76 80 88 90 92 93]
  (285) [19 33 41 67]
  (286) [7 44 47 56 57 74 79 95 98]
  (287) [11 17 40 42 66 80 90 93]
  (288) [5 7 35 41 44 57 67 74 95 98]
  (289) [1 4 10 15 16 27 50 53 55 58 61 83 84 89]
  (290) [1 6 10 13 15 16 20 21 26 27 28 32 43 58]
  (291) [9 25 52 54 62 64 70 73 76 77 91 92]
  (292) [2 14 24 37 39 97]
  (293) [5 7 28 35 41 44 47 56 57 74 95 98]
  (294) [0 2 14 22 37 39 46 59 75 82]
  (295) [30 34 35 45 47 65 71 72 78 96 98 99]
  (296) [11 17 23 40 42 66 80 88 90 93]
  (297) [11 17 40 42 66 80 90 93]
  (298) [4 50 55 61 83 84 87]
  (299) [4 15 50 53 55 58 61 83 84 87 89]
  (300) [5 7 35 41 44 56 57 74 95 98]
  (301) [2 14 22 24 30 37 39 65 71 72 75 78 79 96 97 99]
  (302) [25 52 54 62 64 66 73 76 88 90 91 92]
  (303) [11 17 23 40 42 66 80 88 90 93]
  (304) [28 34 35 45 47 71 96 98 99]
  (305) [1 3 4 10 15 16 27 53 58 61 68 69 83 86 89]
  (306) [8 9 31 32 34 43 45 54 65 70 72 77 96]
  (307) [9 31 32 43 52 54 70 77]
  (308) [6 9 20 21 27 28 32 34 35 43 45 77]
  (309) [1 10 12 13 16 26 48 49 58 60 68 69 81 86 94]
  (310) [11 17 23 25 40 42 52 64 66 73 76 80 88 90 92 93]
  (311) [23 25 40 42 62 64 66 73 76 88 90 92 93]
  (312) [6 20 21 28 32 34 35 43 45 47]
  (313) [1 3 4 10 16 49 58 68 69 86]
  (314) [5 7 19 33 36 41 44 63 67 74]
  (315) [11 17 40 42 66 80 90 93]
  (316) [53 55 62 64 73 76 84 91 92]
  (317) [8 9 25 31 52 54 70 77]
  (318) [1 6 10 13 15 16 20 21 27 32 43 53 58 86 89]
  (319) [0 8 18 29 31 38 46 51 52 59 70 82 85]
  (320) [11 17 23 25 29 40 42 52 66 73 80 88 90 93]
  (321) [5 6 7 12 13 20 21 26 28 35 36 48 60 63 94]
  (322) [9 25 31 52 54 62 70 73 76 77 92]
  (323) [0 2 14 22 24 30 37 39 46 59 71 72 75 78 97]
  (324) [3 4 50 69 87]
  (325) [2 14 22 24 30 37 39 78 79 97]
  (326) [1 3 4 10 15 16 27 50 53 55 58 61 68 69 83 84 86 89]
  (327) [53 54 55 62 64 73 76 83 84 89 91 92]
  (328) [7 12 19 26 33 36 41 48 60 63 67 81 94]
  (329) [23 62 64 66 73 76 88 91 92]
  (330) [12 13 19 26 36 48 49 60 63 81 86 94]
  (331) [5 7 28 35 41 44 67 74 95]
  (332) [0 8 18 29 31 38 46 51 59 82 85]
  (333) [1 6 10 12 13 16 20 21 26 28 36 48 49 60 63 81 86 94]
  (334) [2 14 22 24 37 39 75 97]
  (335) [11 17 18 25 29 38 40 42 52 66 80 85 90 93]
  (336) [1 3 4 10 16 49 58 68 69 86]
  (337) [1 10 12 13 16 26 48 49 58 60 68 69 81 86 94]
  (338) [11 17 40 42 66 80 90 93]
  (339) [8 9 31 34 45 65 70 72 77 96]
  (340) [1 3 4 10 58 68 69 86]
  (341) [4 15 27 50 53 55 61 62 83 84 89 91]
  (342) [25 40 42 52 54 62 64 66 73 76 88 90 92 93]
  (343) [5 7 28 34 35 44 45 47 56 57 74 95 96 98 99]
  (344) [6 9 20 21 28 32 34 35 43 45 47 77 96]
  (345) [0 8 18 25 29 31 38 51 52 59 65 70 82 85]
  (346) [12 19 26 33 36 41 48 60 63 67 81 94]
  (347) [5 7 12 13 19 20 21 26 28 33 36 41 48 60 63 67 81 94]
  (348) [4 50 55 61 83 84 87]
  (349) [17 18 25 29 38 40 42 52 66 80 85 90 93]
  (350) [11 23 40 42 64 66 73 76 80 88 90 92 93]
  (351) [50 55 61 83 84 91]
  (352) [5 6 7 12 19 20 21 26 28 35 36 41 44 48 60 63 67 74 94]
  (353) [23 25 40 42 52 62 64 66 73 76 88 90 91 92 93]
  (354) [53 55 61 62 64 73 76 83 84 89 91 92]
  (355) [5 7 12 19 21 28 33 36 41 44 48 60 63 67 74]
  (356) [17 23 25 29 31 38 40 42 52 64 66 73 76 88 90 92 93]
  (357) [1 3 10 13 16 26 49 58 60 68 69 81 86 94]
  (358) [12 19 33 36 41 48 63 67]
  (359) [4 50 55 61 83 84 87]
  (360) [1 6 10 12 13 16 20 21 26 48 49 58 60 68 69 81 86 94]
  (361) [1 6 10 13 15 16 27 32 43 53 58 86 89]
  (362) [5 7 28 34 35 44 45 47 56 57 74 95 96 98 99]
  (363) [1 4 10 15 16 27 32 43 53 54 55 58 83 84 89]
  (364) [4 15 27 50 53 55 58 61 83 84 89]
  (365) [5 7 28 34 35 44 45 47 56 57 74 95 96 98 99]
  (366) [6 9 20 21 28 32 34 35 43 45 47 77 96]
  (367) [25 31 52 54 62 64 66 70 73 76 88 90 92]
  (368) [11 17 23 25 40 42 52 64 66 73 76 80 88 90 92 93]
  (369) [17 18 25 29 31 38 40 42 52 62 64 66 70 73 76 88 90 92 93]
  (370) [0 22 37 39 46 59 75 82]
  (371) [44 56 57 74 79 95 98]
  (372) [9 25 52 53 54 62 64 70 73 76 77 89 91 92]
  (373) [4 50 61 87]
  (374) [5 7 35 41 44 57 67 74 95 98]
  (375) [4 15 27 50 53 55 61 62 83 84 89 91]
  (376) [4 50 55 61 83 84 87]
  (377) [5 7 12 19 20 21 26 28 33 36 41 44 48 60 63 67 94]
  (378) [4 50 61 83 87]
  (379) [9 25 31 32 43 52 54 70 77 92]
  (380) [8 9 25 29 31 38 52 54 65 70 77]
  (381) [23 62 64 66 73 76 88 91 92]
  (382) [0 8 22 37 39 46 59 65 71 72 75 78 82]
  (383) [9 32 43 52 53 54 62 70 73 77 89 92]
  (384) [15 53 54 55 61 62 64 73 76 83 84 89 91 92]
  (385) [5 7 19 33 36 41 44 63 67 74]
  (386) [19 33 36 41 48 63 67]
  (387) [9 15 27 32 43 53 54 62 77 89]
  (388) [4 50 55 61 83 84 87 91]
  (389) [50 53 55 61 62 64 76 83 84 89 91]
  (390) [9 32 34 43 45 54 70 77 96]
  (391) [1 4 10 15 16 27 32 43 53 54 55 58 83 84 89]
  (392) [23 62 64 66 73 76 88 91 92]
  (393) [1 6 10 12 13 16 20 21 26 28 49 60 63 81 86 94]
  (394) [5 7 41 44 67 74 95]
  (395) [0 2 14 22 37 39 46 59 75 97]
  (396) [15 27 53 54 55 61 62 83 84 89 91]
  (397) [17 18 25 29 31 38 40 42 52 64 66 70 73 76 88 90 92 93]
  (398) [2 14 22 24 30 37 39 78 97]
  (399) [1 3 10 13 16 49 58 68 69 86]
  (400) [0 8 18 29 31 38 46 51 52 59 65 70 72 82 85]
  (401) [25 42 52 54 62 64 66 73 76 88 90 91 92]
  (402) [4 50 55 61 83 84 87]
  (403) [8 9 18 25 29 31 38 52 54 70 77 85 90 92]
  (404) [4 15 27 50 53 54 55 61 62 83 84 89 91]
  (405) [5 7 12 19 20 21 26 28 35 36 41 44 60 63 67 74]
  (406) [6 9 15 20 21 27 32 43 54 77 89]
  (407) [1 6 10 13 15 16 20 21 26 27 28 32 43 49 58 60 86 94]
  (408) [8 9 32 34 43 45 47 65 70 71 72 77 96 99]
  (409) [1 3 4 10 15 16 49 58 68 69 86]
  (410) [0 8 18 46 51 59 75 82 85]
  (411) [3 4 69 87]
  (412) [1 3 4 10 15 50 55 58 61 68 69 83 84 86]
  (413) [5 6 7 12 19 20 21 26 28 35 36 41 44 48 60 63 67 74 94]
  (414) [5 7 19 33 36 41 44 63 67 74]
  (415) [8 9 31 34 45 65 70 72 77 96]
  (416) [8 9 31 32 34 43 45 54 65 70 72 77 96]
  (417) [1 3 4 10 15 16 27 50 53 55 58 61 68 69 83 84 86 89]
  (418) [8 9 34 45 47 65 70 71 72 77 96 99]
  (419) [9 15 27 32 43 53 54 62 77 89]
  (420) [0 8 18 29 31 38 46 51 59 65 70 72 82 85]
  (421) [5 7 12 19 26 33 36 41 48 60 63 67 81 94]
  (422) [30 44 47 56 57 74 79 95 98 99]
  (423) [22 24 30 56 57 71 78 79 95 97 98 99]
  (424) [0 8 18 29 31 38 46 51 59 75 82 85]
  (425) [30 47 56 57 71 78 79 95 96 98 99]
  (426) [2 14 22 37 39 46 75 97]
  (427) [1 3 10 49 58 68 69 86]
  (428) [8 17 18 25 29 31 38 40 42 51 52 70 85 90 93]
  (429) [28 34 35 45 47 71 78 96 98 99]
  (430) [1 3 4 10 15 16 27 49 58 68 69 86]
  (431) [2 14 22 24 37 39 75 97]
  (432) [4 50 61 87]
  (433) [5 7 12 19 21 28 33 35 36 41 44 63 67 74]
  (434) [22 30 34 45 47 65 71 72 78 96 98 99]
  (435) [12 13 19 26 36 48 49 60 63 81 86 94]
  (436) [8 17 18 25 29 31 38 40 42 51 52 70 82 85 90 93]
  (437) [2 14 22 24 30 37 39 71 78 79 97 99]
  (438) [1 3 4 10 15 16 27 53 55 58 61 69 83 84 86 89]
  (439) [23 25 42 52 62 64 66 73 76 88 90 91 92]
  (440) [6 12 13 16 19 20 21 26 28 36 48 49 60 63 81 94]
  (441) [2 14 22 24 37 39 75 97]
  (442) [23 42 64 66 73 76 80 88 90]
  (443) [12 13 19 20 21 26 33 36 41 48 60 63 67 81 94]
  (444) [6 13 16 20 21 26 28 32 34 35 43 45]
  (445) [17 23 25 29 38 40 42 52 62 64 66 73 76 88 90 92 93]
  (446) [0 8 18 29 31 38 46 51 59 65 70 72 82 85]
  (447) [8 30 34 45 47 65 71 72 78 96 98 99]
  (448) [5 6 7 20 21 28 32 34 35 43 44 45 47]
  (449) [6 10 15 16 20 27 32 43 53 54 77 89]
  (450) [1 6 10 12 13 16 20 21 26 27 28 32 43 49 58 60 86 94]
  (451) [12 19 26 33 36 41 48 60 63 67 81 94]
  (452) [22 30 34 45 47 56 57 65 71 72 78 79 96 98 99]
  (453) [6 15 16 20 21 27 28 32 34 35 43 45 77]
  (454) [11 17 23 40 42 66 73 80 88 90 93]
  (455) [5 7 41 44 57 67 74 95 98]
  (456) [30 34 35 44 45 47 56 57 71 74 78 79 95 96 98 99]
  (457) [8 9 31 32 43 52 54 70 77]
  (458) [8 9 18 25 29 31 38 52 65 70 77 85]
  (459) [5 7 33 41 44 67 74]
  (460) [17 18 25 29 31 38 40 42 51 52 85 90 93]
  (461) [10 15 27 32 43 53 54 55 58 83 84 89]
  (462) [4 50 53 55 61 83 84 91]
  (463) [22 30 34 45 47 56 57 65 71 72 78 79 95 96 98 99]
  (464) [17 18 25 29 31 38 40 42 51 52 85 90 93]
  (465) [1 6 10 13 15 16 20 21 27 32 43 53 58 86 89]
  (466) [15 27 32 43 53 54 55 61 62 83 84 89]
  (467) [1 6 10 12 13 16 20 21 26 36 48 49 60 63 81 86 94]
  (468) [2 14 22 24 30 37 39 71 75 78 97]
  (469) [8 9 25 29 31 38 52 54 65 70 72 77]
  (470) [1 3 4 10 15 50 53 55 58 61 83 84 87 89]
  (471) [55 62 64 73 76 84 91]
  (472) [4 15 27 50 53 55 61 62 83 84 89 91]
  (473) [17 18 25 29 31 38 40 42 51 52 82 85 93]
  (474) [11 17 23 25 29 38 40 42 52 66 80 88 90 93]
  (475) [25 42 52 54 62 64 66 73 76 88 90 91 92]
  (476) [0 8 18 31 46 51 59 65 70 72 75 82 85]
  (477) [53 54 62 64 73 76 88 89 91 92]
  (478) [4 10 15 27 50 53 55 58 61 83 84 89]
  (479) [23 25 42 52 62 64 66 73 76 88 90 91 92]
  (480) [22 24 30 47 56 57 71 78 79 95 96 97 98 99]
  (481) [1 6 10 12 13 16 20 21 26 28 36 48 49 60 63 81 86 94]
  (482) [17 18 25 29 31 38 40 42 52 66 85 88 90 93]
  (483) [19 33 36 41 48 63 67]
  (484) [5 7 12 19 20 21 26 28 33 35 36 41 44 48 60 63 67 74 94]
  (485) [5 7 20 21 28 34 35 41 44 45 47 74 95 96 98]
  (486) [0 8 18 29 38 46 51 59 82 85]
  (487) [8 9 25 29 31 38 52 54 70 77 92]
  (488) [8 9 31 65 70 71 72 77 96]
  (489) [4 50 61 83 87]
  (490) [1 6 10 15 16 27 32 43 53 54 58 89]
  (491) [12 13 19 26 33 36 48 60 63 67 81 94]
  (492) [6 9 15 27 32 43 53 54 77 89]
  (493) [5 6 7 20 21 28 34 35 41 44 45 47 74 98]
  (494) [0 8 18 29 31 38 46 51 59 65 70 72 82 85]
  (495) [1 4 10 15 27 50 53 55 58 61 83 84 87 89]
  (496) [30 34 35 45 47 65 71 72 78 96 98 99]
  (497) [1 6 10 15 16 20 21 27 32 43 53 58 89]
  (498) [12 19 26 33 36 41 48 60 63 67 81 94]
  (499) [9 32 43 52 53 54 62 70 73 77 89 92]
]

! === REVERSE COVERAGE SETS J_i ===
! For each facility i: list of customers covered by i
COVERAGE_J_i: [
  (0) [8 35 37 42 80 82 94 106 111 120 140 145 164 167 168 172 176 178 235 241 246 247 260 272 294 319 323 332 345 370 382 395 400 410 420 424 446 476 486 494]
  (1) [1 4 6 7 51 53 67 74 76 77 90 101 110 112 117 118 135 147 149 150 170 174 181 208 211 213 234 245 254 264 289 290 305 309 313 318 326 333 336 337 340 357 360 361 363 391 393 399 407 409 412 417 427 430 438 450 465 467 470 481 490 495 497]
  (2) [8 33 46 65 96 127 138 157 167 171 186 187 200 206 220 231 239 244 246 250 255 258 260 263 269 277 282 292 294 301 323 325 334 395 398 426 431 437 441 468]
  (3) [1 6 29 67 70 74 101 110 112 116 117 118 139 149 150 174 208 213 227 234 264 271 275 305 313 324 326 336 340 357 399 409 411 412 417 427 430 438 470]
  (4) [1 6 29 40 63 66 67 70 71 89 103 110 112 116 139 152 163 174 184 191 205 208 227 233 234 245 267 271 275 289 298 299 305 313 324 326 336 340 341 348 359 363 364 373 375 376 378 388 391 402 404 409 411 412 417 430 432 438 462 470 472 478 489 495]
  (5) [3 11 13 26 30 32 38 44 49 54 58 59 72 75 81 91 99 107 109 113 115 119 121 124 128 133 136 137 153 158 183 185 192 195 201 202 204 207 215 218 219 222 230 238 248 274 288 293 300 314 321 331 343 347 352 355 362 365 374 377 385 394 405 413 414 421 433 448 455 459 484 485 493]
  (6) [4 7 11 26 38 39 44 51 53 54 58 59 62 76 77 83 85 90 91 107 129 130 133 135 147 149 166 169 170 177 179 181 207 209 211 213 215 225 228 230 254 262 278 290 308 312 318 321 333 344 352 360 361 366 393 406 407 413 440 444 448 449 450 453 465 467 481 490 492 493 497]
  (7) [3 11 12 13 26 32 38 44 49 58 59 72 75 81 91 99 109 113 115 119 121 124 128 136 137 153 158 183 185 192 195 201 202 207 210 218 222 230 238 248 274 283 286 288 293 300 314 321 328 331 343 347 352 355 362 365 374 377 385 394 405 413 414 421 433 448 455 459 484 485 493]
  (8) [10 16 18 28 34 35 37 42 43 56 68 79 80 82 88 94 106 111 120 122 123 132 140 145 155 164 168 172 176 178 203 223 224 235 241 243 247 251 256 260 268 272 280 306 317 319 332 339 345 380 382 400 403 408 410 415 416 418 420 424 428 436 446 447 457 458 469 476 486 487 488 494]
  (9) [10 16 18 19 23 28 31 34 37 39 43 56 62 68 79 85 88 92 100 102 122 123 126 130 132 134 144 151 166 169 177 179 180 197 203 209 212 224 228 232 243 247 251 256 257 259 268 276 278 279 280 291 306 307 308 317 322 339 344 366 372 379 380 383 387 390 403 406 408 415 416 418 419 457 458 469 487 488 492 499]
  (10) [1 4 6 7 51 53 67 74 76 77 83 90 101 110 112 117 118 135 147 149 150 170 174 181 208 211 213 234 245 254 264 289 290 305 309 313 318 326 333 336 337 340 357 360 361 363 391 393 399 407 409 412 417 427 430 438 449 450 461 465 467 470 478 481 490 495 497]
  (11) [5 17 25 41 50 55 64 78 87 142 156 161 182 190 193 217 284 287 296 297 303 310 315 320 335 338 350 368 454 474]
  (12) [4 7 26 49 51 90 91 93 97 99 107 108 109 114 121 129 137 185 189 192 207 214 215 216 236 238 240 262 309 321 328 330 333 337 346 347 352 355 358 360 377 393 405 413 421 433 435 440 443 450 451 467 481 484 491 498]
  (13) [4 7 26 51 53 74 76 90 91 93 101 107 108 110 114 118 129 135 137 147 149 150 181 189 213 214 215 216 225 236 238 240 254 262 264 290 309 318 321 330 333 337 347 357 360 361 393 399 407 435 440 443 444 450 465 467 481 491]
  (14) [8 33 46 65 96 127 138 157 167 171 186 187 200 206 220 231 239 244 246 250 255 258 263 269 282 292 294 301 323 325 334 395 398 426 431 437 441 468]
  (15) [1 14 23 39 53 73 76 77 83 89 110 112 135 147 149 166 169 170 175 179 181 199 208 211 213 228 245 254 257 267 289 290 299 305 318 326 341 361 363 364 375 384 387 391 396 404 406 407 409 412 417 419 430 438 449 453 461 465 466 470 472 478 490 492 495 497]
  (16) [1 4 6 7 39 51 53 67 74 76 77 83 90 101 107 110 112 117 118 135 147 149 150 170 181 189 208 211 213 215 216 225 236 245 254 262 264 289 290 305 309 313 318 326 333 336 337 357 360 361 363 391 393 399 407 409 417 430 438 440 444 449 450 453 465 467 481 490 497]
  (17) [5 15 17 20 25 41 45 50 55 60 64 78 87 104 125 142 148 156 160 161 165 182 190 193 217 252 253 266 284 287 296 297 303 310 315 320 335 338 349 356 368 369 397 428 436 445 454 460 464 473 474 482]
  (18) [15 20 34 45 60 64 80 82 88 94 104 106 111 123 125 132 140 148 155 160 165 168 172 190 223 235 241 252 253 280 319 332 335 345 349 369 397 400 403 410 420 424 428 436 446 458 460 464 473 476 482 486 494]
  (19) [12 26 27 49 86 91 93 97 99 108 109 113 114 121 129 137 153 185 189 192 214 216 226 238 240 248 262 285 314 328 330 346 347 352 355 358 377 385 386 405 413 414 421 433 435 440 443 451 483 484 491 498]
  (20) [4 7 11 26 38 39 44 51 53 54 58 59 62 76 77 85 90 91 107 121 129 130 133 135 137 147 158 177 179 181 189 207 209 211 213 214 215 225 230 238 254 262 278 290 308 312 318 321 333 344 347 352 360 366 377 393 405 406 407 413 440 443 444 448 449 450 453 465 467 481 484 485 493 497]
  (21) [7 11 26 38 39 44 51 53 54 58 59 62 75 76 85 90 91 99 107 121 129 130 133 135 137 147 158 177 179 181 183 189 192 207 209 214 215 225 230 238 254 262 278 290 308 312 318 321 333 344 347 352 355 360 366 377 393 405 406 407 413 433 440 443 444 448 450 453 465 467 481 484 485 493 497]
  (22) [8 33 46 65 96 120 127 138 143 145 157 167 171 176 186 187 194 200 206 220 231 239 244 246 249 250 255 258 260 263 269 272 277 282 294 301 323 325 334 370 382 395 398 423 426 431 434 437 441 452 463 468 480]
  (23) [5 9 17 22 25 41 50 52 69 78 141 142 146 156 160 161 162 173 188 193 217 229 265 281 284 296 303 310 311 320 329 350 353 356 368 381 392 439 442 445 454 474 479]
  (24) [8 33 46 65 96 127 138 157 171 186 187 200 206 220 231 239 244 246 250 255 258 263 269 277 282 292 301 323 325 334 398 423 431 437 441 468 480]
  (25) [15 20 22 24 31 34 43 45 50 52 60 61 68 78 88 92 98 104 123 125 132 142 148 154 155 156 159 160 161 162 165 180 182 188 190 193 196 203 217 223 237 241 252 253 259 265 266 268 280 284 291 302 310 311 317 320 322 335 342 345 349 353 356 367 368 369 372 379 380 397 401 403 428 436 439 445 458 460 464 469 473 474 475 479 482 487]
  (26) [4 7 26 51 53 90 91 93 99 101 107 108 114 121 129 137 147 150 189 192 207 213 214 215 216 225 236 238 240 254 262 264 290 309 321 328 330 333 337 346 347 352 357 360 377 393 405 407 413 421 435 440 443 444 450 451 467 481 484 491 498]
  (27) [1 7 14 23 39 53 73 76 77 83 85 89 110 112 135 147 149 166 169 170 175 179 181 199 208 211 213 228 245 254 257 278 289 290 305 308 318 326 341 361 363 364 375 387 391 396 404 406 407 417 419 430 438 449 450 453 461 465 466 472 478 490 492 495 497]
  (28) [7 11 26 30 38 39 44 51 54 58 59 62 72 75 85 91 99 102 107 119 121 129 130 133 135 137 147 158 177 179 183 192 204 207 209 215 219 225 230 238 254 278 279 290 293 304 308 312 321 331 333 343 344 347 352 355 362 365 366 377 393 405 407 413 429 433 440 444 448 450 453 481 484 485 493]
  (29) [15 20 34 45 50 60 64 68 82 87 88 94 104 106 123 125 132 148 155 160 161 165 168 172 182 190 217 223 235 237 241 252 253 266 268 280 319 320 332 335 345 349 356 369 380 397 400 403 420 424 428 436 445 446 458 460 464 469 473 474 482 486 487 494]
  (30) [0 21 33 47 65 96 120 127 138 143 145 157 171 186 187 194 220 231 239 244 246 249 250 255 258 260 269 277 282 295 301 323 325 398 422 423 425 434 437 447 452 456 463 468 480 496]
  (31) [10 15 16 20 31 34 35 37 43 45 60 68 80 88 92 94 104 111 122 123 125 132 148 155 164 165 168 172 178 180 203 223 224 235 237 241 243 247 251 252 253 256 266 268 280 306 307 317 319 322 332 339 345 356 367 369 379 380 397 400 403 415 416 420 424 428 436 446 457 458 460 464 469 473 476 482 487 488 494]
  (32) [7 14 19 23 39 43 53 54 62 73 76 77 79 83 85 102 122 126 130 133 134 135 147 151 166 169 170 175 177 179 181 197 199 203 209 211 212 215 225 228 232 254 256 257 276 278 290 306 307 308 312 318 344 361 363 366 379 383 387 390 391 406 407 408 416 419 444 448 449 450 453 457 461 465 466 490 492 497 499]
  (33) [12 27 49 86 93 97 99 108 109 113 121 137 153 185 192 218 222 226 238 240 248 283 285 314 328 346 347 355 358 377 385 386 414 421 433 443 451 459 483 484 491 498]
  (34) [11 16 18 19 28 30 38 44 54 56 58 59 62 75 79 85 100 102 115 119 122 126 130 133 143 151 158 177 179 183 194 197 201 204 207 209 212 219 224 225 230 232 242 251 256 276 278 279 295 304 306 308 312 339 343 344 362 365 366 390 408 415 416 418 429 434 444 447 448 452 453 456 463 485 493 496]
  (35) [3 11 13 26 30 32 38 44 54 58 59 62 72 75 91 100 102 115 119 121 130 133 158 177 183 194 195 197 201 204 207 209 215 219 225 230 232 242 274 276 278 279 288 293 295 300 304 308 312 321 331 343 344 352 362 365 366 374 405 413 429 433 444 448 453 456 484 485 493 496]
  (36) [4 26 27 49 86 91 93 97 99 107 108 109 113 114 121 129 137 153 185 189 192 214 216 222 226 236 238 240 248 262 314 321 328 330 333 346 347 352 355 358 377 385 386 405 413 414 421 433 435 440 443 451 467 481 483 484 491 498]
  (37) [8 33 42 46 65 96 120 127 138 145 157 167 171 176 186 187 200 206 220 231 239 244 246 250 255 260 263 272 282 292 294 301 323 325 334 370 382 395 398 426 431 437 441 468]
  (38) [15 20 34 45 50 60 64 68 82 88 94 104 106 123 125 132 148 155 160 161 165 168 172 182 190 217 223 235 237 241 243 252 253 266 268 280 319 332 335 345 349 356 369 380 397 400 403 420 424 428 436 445 446 458 460 464 469 473 474 482 486 487 494]
  (39) [8 33 42 46 65 96 120 127 138 145 157 167 171 176 186 187 200 206 220 231 239 244 246 250 255 258 260 263 272 282 292 294 301 323 325 334 370 382 395 398 426 431 437 441 468]
  (40) [5 9 15 17 20 25 41 45 50 52 55 60 64 78 87 104 125 142 148 156 160 161 165 182 190 193 217 237 252 253 265 266 280 284 287 296 297 303 310 311 315 320 335 338 342 349 350 353 356 368 369 397 428 436 445 454 460 464 473 474 482]
  (41) [3 11 12 13 26 27 32 38 44 49 58 72 81 86 91 97 99 108 109 113 119 121 124 128 136 137 153 158 185 192 195 202 207 218 222 226 230 238 248 283 285 288 293 300 314 328 331 346 347 352 355 358 374 377 385 386 394 405 413 414 421 433 443 451 455 459 483 484 485 493 498]
  (42) [5 9 15 17 22 25 41 45 50 52 55 60 64 78 87 104 125 142 146 148 156 160 161 162 165 173 182 188 190 193 217 237 253 265 266 280 284 287 296 297 303 310 311 315 320 335 338 342 349 350 353 356 368 369 397 401 428 436 439 442 445 454 460 464 473 474 475 479 482]
  (43) [7 14 19 23 39 51 53 54 62 73 76 77 79 83 85 102 122 126 130 133 134 135 147 151 166 169 170 177 179 181 197 209 211 212 215 225 228 232 254 256 257 276 278 290 306 307 308 312 318 344 361 363 366 379 383 387 390 391 406 407 408 416 419 444 448 449 450 453 457 461 465 466 490 492 497 499]
  (44) [0 3 11 13 26 30 32 38 44 49 58 59 72 75 81 91 109 113 115 119 121 124 128 136 153 158 183 192 195 201 202 204 207 210 218 219 222 230 248 274 283 286 288 293 300 314 331 343 352 355 362 365 371 374 377 385 394 405 413 414 422 433 448 455 456 459 484 485 493]
  (45) [11 16 18 19 28 30 38 39 44 54 56 58 59 62 75 79 85 100 102 115 122 126 130 133 143 151 158 177 179 183 194 197 201 204 207 209 212 219 224 225 230 232 242 251 256 276 278 279 295 304 306 308 312 339 343 344 362 365 366 390 408 415 416 418 429 434 444 447 448 452 453 456 463 485 493 496]
  (46) [8 35 42 80 82 94 106 111 120 140 164 167 168 172 176 178 235 246 247 260 272 294 319 323 332 370 382 395 400 410 420 424 426 446 476 486 494]
  (47) [0 11 18 28 30 38 44 47 54 58 59 62 75 79 100 102 115 119 126 130 133 143 151 158 177 183 194 197 201 204 207 209 219 230 232 242 249 274 276 278 279 286 293 295 304 312 343 344 362 365 366 408 418 422 425 429 434 447 448 452 456 463 480 485 493 496]
  (48) [4 26 49 90 91 93 97 99 107 108 109 114 121 129 137 185 189 192 214 216 236 238 240 262 309 321 328 330 333 337 346 347 352 355 358 360 377 386 413 421 435 440 443 451 467 481 483 484 491 498]
  (49) [1 4 6 7 51 53 67 74 90 101 110 112 114 117 118 129 147 149 150 181 189 213 214 216 236 262 264 309 313 330 333 336 337 357 360 393 399 407 409 427 430 435 440 450 467 481]
  (50) [40 63 66 70 71 89 103 116 139 152 163 184 191 205 208 227 233 234 245 267 271 289 298 299 324 326 341 348 351 359 364 373 375 376 378 388 389 402 404 412 417 432 462 470 472 478 489 495]
  (51) [20 42 80 82 94 106 111 140 164 168 172 178 223 235 241 252 253 272 319 332 345 400 410 420 424 428 436 446 460 464 473 476 486 494]
  (52) [15 20 22 24 31 34 43 45 50 52 60 61 68 88 92 94 98 104 123 125 132 134 142 148 154 155 159 160 161 162 165 168 172 180 190 196 203 217 223 237 241 243 252 253 259 265 266 268 280 291 302 307 310 317 319 320 322 335 342 345 349 353 356 367 368 369 372 379 380 383 397 400 401 403 428 436 439 445 457 458 460 464 469 473 474 475 479 482 487 499]
  (53) [14 23 40 48 57 61 63 73 76 77 83 89 103 110 112 131 144 159 163 166 169 170 175 199 208 211 228 233 245 257 267 289 299 305 316 318 326 327 341 354 361 363 364 372 375 383 384 387 389 391 396 404 417 419 438 449 461 462 465 466 470 472 477 478 490 492 495 497 499]
  (54) [14 16 19 23 24 31 34 39 43 48 57 61 68 73 83 84 85 89 92 98 122 123 126 131 132 134 144 151 154 159 166 169 170 175 179 180 196 199 203 212 228 237 256 257 259 268 280 291 302 306 307 317 322 327 342 363 367 372 379 380 383 384 387 390 391 396 401 403 404 406 416 419 449 457 461 466 469 475 477 487 490 492 499]
  (55) [14 40 63 73 89 103 105 116 131 152 163 170 175 184 191 198 199 205 208 227 233 234 245 267 273 289 298 299 316 326 327 341 348 351 354 359 363 364 375 376 384 388 389 391 396 402 404 412 417 438 461 462 466 470 471 472 478 495]
  (56) [0 3 21 32 33 47 81 96 115 127 143 157 194 201 204 210 219 249 258 269 274 277 286 293 300 343 362 365 371 422 423 425 452 456 463 480]
  (57) [0 3 13 21 32 47 72 81 115 119 128 195 201 202 204 210 219 249 269 274 277 286 288 293 300 343 362 365 371 374 422 423 425 452 455 456 463 480]
  (58) [1 6 7 53 67 73 74 76 77 83 90 101 110 112 117 118 135 147 149 150 170 174 181 208 211 213 227 234 245 254 264 289 290 299 305 309 313 318 326 336 337 340 357 360 361 363 364 391 399 407 409 412 417 427 430 438 450 461 465 470 478 490 495 497]
  (59) [8 10 35 37 42 80 82 94 106 111 120 140 145 164 167 168 172 176 178 235 241 246 247 260 272 294 319 323 332 345 370 382 395 400 410 420 424 446 476 486 494]
  (60) [4 7 26 51 53 90 91 93 99 101 107 108 109 114 121 129 137 147 150 185 189 192 207 214 215 216 236 238 240 254 262 264 309 321 328 330 333 337 346 347 352 355 357 360 377 393 405 407 413 421 435 440 443 450 451 467 481 484 491 498]
  (61) [1 40 63 70 71 89 103 116 139 152 163 184 191 198 205 208 227 233 234 245 267 289 298 299 305 326 341 348 351 354 359 364 373 375 376 378 384 388 389 396 402 404 412 417 432 438 462 466 470 472 478 489 495]
  (62) [2 14 22 23 24 31 36 40 48 52 57 61 84 89 92 95 98 105 131 134 141 144 154 159 162 175 180 188 196 198 199 221 229 237 257 259 265 266 270 273 281 291 302 311 316 322 327 329 341 342 353 354 367 369 372 375 381 383 384 387 389 392 396 401 404 419 439 445 466 471 472 475 477 479 499]
  (63) [4 26 49 90 91 93 97 99 107 108 109 113 114 121 129 137 153 185 189 192 214 216 222 236 238 240 248 262 314 321 328 330 333 346 347 352 355 358 377 385 386 393 405 413 414 421 433 435 440 443 451 467 481 483 484 491 498]
  (64) [2 5 9 22 24 31 36 48 52 57 60 61 69 78 84 95 98 105 131 141 142 144 146 154 156 159 162 173 180 188 196 198 221 229 237 259 265 266 270 273 281 284 291 302 310 311 316 327 329 342 350 353 354 356 367 368 369 372 381 384 389 392 397 401 439 442 445 471 475 477 479]
  (65) [10 16 18 28 33 35 37 56 79 88 94 100 102 111 120 122 123 143 145 151 164 167 176 178 194 197 224 232 241 242 243 247 251 256 260 272 276 279 295 301 306 339 345 380 382 400 408 415 416 418 420 434 446 447 452 458 463 469 476 488 494 496]
  (66) [5 9 15 17 22 24 25 41 45 50 52 55 60 64 69 78 98 104 125 141 142 146 148 156 160 161 162 165 173 182 188 190 193 196 217 229 237 265 266 281 284 287 296 297 302 303 310 311 315 320 329 335 338 342 349 350 353 356 367 368 369 381 392 397 401 439 442 445 454 474 475 479 482]
  (67) [12 13 26 27 49 72 86 91 97 99 108 109 113 121 124 128 136 137 153 185 192 195 202 218 222 226 238 248 283 285 288 314 328 331 346 347 352 355 358 374 377 385 386 394 405 413 414 421 433 443 451 455 459 483 484 491 498]
  (68) [1 4 6 67 74 90 101 110 112 117 118 149 150 174 213 216 234 236 264 305 309 313 326 336 337 340 357 360 399 409 412 417 427 430]
  (69) [1 6 29 67 74 101 110 112 117 118 149 150 174 213 234 264 275 305 309 313 324 326 336 337 340 357 360 399 409 411 412 417 427 430 438]
  (70) [10 16 18 19 28 31 34 35 37 43 56 60 68 79 88 92 94 104 122 123 125 126 132 134 148 151 155 164 168 172 178 180 197 203 212 223 224 232 235 237 241 243 247 251 256 259 266 268 280 291 306 307 317 319 322 339 345 367 369 372 379 380 383 390 397 400 403 408 415 416 418 420 428 436 446 457 458 469 476 487 488 494 499]
  (71) [10 18 28 33 35 37 56 96 100 120 127 138 143 145 157 164 167 171 176 178 194 204 219 220 224 239 242 244 246 247 249 250 251 255 258 260 269 276 277 279 295 301 304 323 382 408 418 423 425 429 434 437 447 452 456 463 468 480 488 496]
  (72) [10 16 18 28 33 35 37 42 56 79 80 94 100 111 120 122 123 143 145 157 164 167 171 176 178 194 224 232 241 242 243 247 251 255 260 272 276 279 295 301 306 323 339 382 400 408 415 416 418 420 434 446 447 452 463 469 476 488 494 496]
  (73) [2 5 9 15 22 24 31 36 45 48 50 52 57 60 61 69 78 84 92 95 98 104 105 131 141 142 144 146 148 154 156 159 160 161 162 173 175 180 188 196 198 217 221 229 237 259 265 266 268 270 273 280 281 284 291 302 310 311 316 320 322 327 329 342 350 353 354 356 367 368 369 372 381 383 384 392 397 401 439 442 445 454 471 475 477 479 499]
  (74) [0 3 11 13 30 32 38 44 47 58 59 72 75 81 113 115 119 121 124 128 136 158 183 192 195 201 202 204 207 210 218 219 222 230 248 274 283 286 288 293 300 314 331 343 352 355 362 365 371 374 385 394 405 413 414 422 433 455 456 459 484 485 493]
  (75) [8 42 46 80 106 111 120 140 145 164 167 171 176 187 206 239 244 246 255 260 263 272 294 301 323 334 370 382 395 410 424 426 431 441 468 476]
  (76) [2 9 22 24 31 36 45 48 52 57 60 61 69 78 84 95 98 105 131 141 142 144 146 154 156 159 161 162 173 180 188 196 198 221 229 237 259 265 266 270 273 281 284 291 302 310 311 316 322 327 329 342 350 353 354 356 367 368 369 372 381 384 389 392 397 401 439 442 445 471 475 477 479]
  (77) [10 16 18 19 23 28 31 34 37 39 43 56 62 68 79 83 85 88 92 100 102 122 123 126 130 132 134 151 166 169 177 179 197 203 209 212 224 228 232 243 251 256 257 259 268 276 278 279 291 306 307 308 317 322 339 344 366 372 379 380 383 387 390 403 406 408 415 416 418 419 449 453 457 458 469 487 488 492 499]
  (78) [8 18 28 33 35 56 96 100 120 127 138 143 145 157 167 171 176 178 194 204 220 224 231 239 242 244 246 247 249 250 251 255 258 260 269 277 295 301 323 325 382 398 423 425 429 434 437 447 452 456 463 468 480 496]
  (79) [0 21 33 47 96 115 127 138 143 157 194 201 210 220 231 249 250 258 269 274 277 286 301 325 371 422 423 425 437 452 456 463 480]
  (80) [5 9 17 25 41 50 55 64 78 87 142 156 160 161 173 182 190 193 217 284 287 296 297 303 310 315 320 335 338 349 350 368 442 454 474]
  (81) [4 51 90 91 93 99 101 107 108 114 129 137 150 189 214 216 236 238 240 262 264 309 328 330 333 337 346 347 357 360 393 421 435 440 443 451 467 481 491 498]
  (82) [20 35 37 42 80 82 94 106 111 140 164 167 168 172 176 178 235 241 247 252 272 294 319 332 345 370 382 400 410 420 424 436 446 473 476 486 494]
  (83) [40 63 89 103 105 116 131 152 163 184 191 198 199 205 208 227 233 234 245 267 273 289 298 299 305 326 327 341 348 351 354 359 363 364 375 376 378 384 388 389 391 396 402 404 412 417 438 461 462 466 470 472 478 489 495]
  (84) [14 40 63 73 89 103 105 116 131 152 163 184 191 198 199 205 208 227 233 234 245 267 273 289 298 299 316 326 327 341 348 351 354 359 363 364 375 376 384 388 389 391 396 402 404 412 417 438 461 462 466 470 471 472 478 495]
  (85) [20 34 80 82 88 94 104 106 111 125 132 140 155 164 165 168 172 178 190 223 235 241 252 253 319 332 335 345 349 400 403 410 420 424 428 436 446 458 460 464 473 476 482 486 494]
  (86) [1 4 6 7 51 53 67 74 76 77 90 101 110 112 117 118 147 149 150 174 181 189 208 211 213 216 234 236 254 262 264 305 309 313 318 326 330 333 336 337 340 357 360 361 393 399 407 409 412 417 427 430 435 438 450 465 467 481]
  (87) [29 63 66 70 71 103 116 139 152 163 184 191 205 227 233 234 261 267 271 275 298 299 324 348 359 373 376 378 388 402 411 432 470 489 495]
  (88) [5 9 15 17 22 24 25 31 36 41 45 50 52 57 60 61 69 78 84 95 98 104 125 141 142 146 148 154 156 159 160 161 162 173 180 188 193 196 217 221 229 237 265 266 280 281 284 296 302 303 310 311 320 329 342 350 353 356 367 368 369 381 392 397 401 439 442 445 454 474 475 477 479 482]
  (89) [14 23 39 40 48 57 63 73 76 77 83 89 110 112 131 135 144 163 166 169 170 175 181 199 208 211 228 233 245 257 267 289 299 305 318 326 327 341 354 361 363 364 372 375 383 384 387 389 391 396 404 406 417 419 438 449 461 465 466 470 472 477 478 490 492 495 497 499]
  (90) [5 9 15 17 22 24 25 31 41 45 50 52 60 64 68 78 87 98 104 125 142 146 148 155 156 160 161 162 165 173 180 182 188 190 193 196 217 223 229 237 253 265 266 268 280 281 284 287 296 297 302 303 310 311 315 320 335 338 342 349 350 353 356 367 368 369 397 401 403 428 436 439 442 445 454 460 464 474 475 479 482]
  (91) [2 14 22 24 36 40 48 52 57 61 69 84 89 95 98 103 105 131 141 144 146 152 154 159 162 163 175 188 196 198 199 221 229 270 273 281 291 302 316 327 329 341 351 353 354 372 375 381 384 388 389 392 396 401 404 439 462 471 472 475 477 479]
  (92) [9 14 15 22 24 31 36 45 48 52 57 60 61 68 69 78 84 92 95 98 104 105 131 134 141 142 144 146 148 154 159 160 161 162 175 180 188 196 199 221 229 237 259 265 266 268 280 281 284 291 302 310 311 316 322 327 329 342 350 353 354 356 367 368 369 372 379 381 383 384 392 397 401 403 439 445 475 477 479 487 499]
  (93) [5 15 17 20 22 25 41 45 50 52 55 60 64 78 87 104 125 142 148 155 156 160 161 165 182 190 193 217 223 237 252 253 265 266 280 284 287 296 297 303 310 311 315 320 335 338 342 349 350 353 356 368 369 397 428 436 445 454 460 464 473 474 482]
  (94) [4 7 26 51 53 74 90 91 93 99 101 107 108 114 129 137 147 149 150 189 213 214 215 216 236 238 240 254 262 264 309 321 328 330 333 337 346 347 352 357 360 377 393 407 413 421 435 440 443 450 451 467 481 484 491 498]
  (95) [0 3 13 21 32 47 72 81 115 119 124 128 158 183 195 201 202 204 210 219 249 274 286 288 293 300 331 343 362 365 371 374 394 422 423 425 455 456 463 480 485]
  (96) [10 16 18 28 30 33 35 37 56 59 62 75 79 100 102 115 120 122 126 130 143 145 151 157 177 183 194 197 201 204 209 219 224 230 232 242 247 249 251 256 276 279 295 301 304 306 339 343 344 362 365 366 390 408 415 416 418 425 429 434 447 452 456 463 480 485 488 496]
  (97) [8 33 46 65 96 127 138 143 157 167 171 186 187 200 206 220 231 239 244 246 250 255 258 260 263 269 277 282 292 301 323 325 334 395 398 423 426 431 437 441 468 480]
  (98) [0 3 11 13 21 30 32 38 47 59 72 75 81 115 119 127 143 157 158 183 194 195 201 204 210 219 230 242 249 258 269 274 277 279 286 288 293 295 300 304 343 362 365 371 374 422 423 425 429 434 447 452 455 456 463 480 485 493 496]
  (99) [0 18 21 28 30 33 47 56 75 79 96 100 102 115 120 127 130 143 145 157 183 194 197 201 204 209 219 220 224 232 242 249 251 258 260 269 276 277 279 295 301 304 343 362 365 408 418 422 423 425 429 434 437 447 452 456 463 480 496]
]

! === INSTANCE STATISTICS ===
! Total facility cost: 546.68
! Total demand: 25360.00
! Budget ratio: 2.74%
! Coverage density: 11.78%
! Avg facilities per customer: 11.78
! Avg customers per facility: 58.91
! Facility cost range: [1.06, 9.73]
! Demand range: [1.00, 99.00]