! MCLP Instance: random_I100_J500_B20.0_R6.5_s43
! Generated from: M2.json
! Facilities: 100, Customers: 500
! Budget: 20.00

! === SCALARS ===
nI: 100
nJ: 500
BUDGET: 20.0

! === FACILITY INDICES ===
FACILITIES: [0 1 2 3 4 5 6 7 8 9 10 11 12 13 14 15 16 17 18 19 20 21 22 23 24 25 26 27 28 29 30 31 32 33 34 35 36 37 38 39 40 41 42 43 44 45 46 47 48 49 50 51 52 53 54 55 56 57 58 59 60 61 62 63 64 65 66 67 68 69 70 71 72 73 74 75 76 77 78 79 80 81 82 83 84 85 86 87 88 89 90 91 92 93 94 95 96 97 98 99]

! === CUSTOMER INDICES ===
CUSTOMERS: [0 1 2 3 4 5 6 7 8 9 10 11 12 13 14 15 16 17 18 19 20 21 22 23 24 25 26 27 28 29 30 31 32 33 34 35 36 37 38 39 40 41 42 43 44 45 46 47 48 49 50 51 52 53 54 55 56 57 58 59 60 61 62 63 64 65 66 67 68 69 70 71 72 73 74 75 76 77 78 79 80 81 82 83 84 85 86 87 88 89 90 91 92 93 94 95 96 97 98 99 100 101 102 103 104 105 106 107 108 109 110 111 112 113 114 115 116 117 118 119 120 121 122 123 124 125 126 127 128 129 130 131 132 133 134 135 136 137 138 139 140 141 142 143 144 145 146 147 148 149 150 151 152 153 154 155 156 157 158 159 160 161 162 163 164 165 166 167 168 169 170 171 172 173 174 175 176 177 178 179 180 181 182 183 184 185 186 187 188 189 190 191 192 193 194 195 196 197 198 199 200 201 202 203 204 205 206 207 208 209 210 211 212 213 214 215 216 217 218 219 220 221 222 223 224 225 226 227 228 229 230 231 232 233 234 235 236 237 238 239 240 241 242 243 244 245 246 247 248 249 250 251 252 253 254 255 256 257 258 259 260 261 262 263 264 265 266 267 268 269 270 271 272 273 274 275 276 277 278 279 280 281 282 283 284 285 286 287 288 289 290 291 292 293 294 295 296 297 298 299 300 301 302 303 304 305 306 307 308 309 310 311 312 313 314 315 316 317 318 319 320 321 322 323 324 325 326 327 328 329 330 331 332 333 334 335 336 337 338 339 340 341 342 343 344 345 346 347 348 349 350 351 352 353 354 355 356 357 358 359 360 361 362 363 364 365 366 367 368 369 370 371 372 373 374 375 376 377 378 379 380 381 382 383 384 385 386 387 388 389 390 391 392 393 394 395 396 397 398 399 400 401 402 403 404 405 406 407 408 409 410 411 412 413 414 415 416 417 418 419 420 421 422 423 424 425 426 427 428 429 430 431 432 433 434 435 436 437 438 439 440 441 442 443 444 445 446 447 448 449 450 451 452 453 454 455 456 457 458 459 460 461 462 463 464 465 466 467 468 469 470 471 472 473 474 475 476 477 478 479 480 481 482 483 484 485 486 487 488 489 490 491 492 493 494 495 496 497 498 499]

! === FACILITY COSTS ===
COST: [2.200000 8.730000 1.260000 8.220000 8.800000 3.840000 8.640000 9.590000 1.740000 3.360000 5.280000 9.180000 1.940000 4.710000 6.660000 2.860000 7.620000 4.700000 7.030000 5.860000 8.160000 3.700000 3.790000 3.210000 7.260000 5.530000 6.350000 1.220000 1.570000 6.500000 9.590000 4.910000 4.990000 5.410000 7.770000 7.990000 5.970000 8.460000 4.890000 2.150000 7.700000 4.010000 4.720000 7.540000 6.260000 5.710000 4.410000 5.210000 5.580000 1.850000 8.440000 9.320000 5.320000 2.490000 1.730000 3.870000 5.370000 9.990000 5.020000 7.040000 1.820000 8.160000 7.330000 2.440000 5.920000 3.950000 9.900000 5.440000 1.960000 9.930000 2.560000 4.200000 1.770000 6.870000 2.950000 5.110000 5.730000 8.980000 8.490000 7.980000 6.230000 1.400000 1.210000 7.430000 3.490000 9.930000 4.930000 1.290000 5.830000 7.010000 1.630000 1.560000 9.040000 8.890000 8.290000 8.050000 3.120000 3.540000 1.960000 1.930000]

! === CUSTOMER DEMANDS ===
DEMAND: [21.000000 8.000000 30.000000 34.000000 20.000000 16.000000 40.000000 78.000000 2.000000 75.000000 23.000000 59.000000 81.000000 5.000000 97.000000 26.000000 79.000000 45.000000 66.000000 34.000000 43.000000 54.000000 43.000000 82.000000 26.000000 79.000000 63.000000 41.000000 43.000000 18.000000 4.000000 9.000000 73.000000 77.000000 78.000000 78.000000 10.000000 4.000000 76.000000 93.000000 15.000000 53.000000 24.000000 57.000000 64.000000 72.000000 85.000000 96.000000 14.000000 74.000000 95.000000 1.000000 62.000000 83.000000 70.000000 63.000000 46.000000 91.000000 70.000000 41.000000 97.000000 22.000000 27.000000 53.000000 99.000000 96.000000 67.000000 83.000000 37.000000 52.000000 5.000000 63.000000 41.000000 37.000000 73.000000 20.000000 90.000000 63.000000 69.000000 6.000000 13.000000 35.000000 98.000000 67.000000 79.000000 39.000000 94.000000 92.000000 89.000000 49.000000 88.000000 61.000000 26.000000 41.000000 25.000000 51.000000 82.000000 84.000000 58.000000 62.000000 96.000000 33.000000 77.000000 35.000000 60.000000 88.000000 6.000000 78.000000 55.000000 20.000000 3.000000 6.000000 41.000000 94.000000 2.000000 64.000000 63.000000 12.000000 90.000000 81.000000 6.000000 47.000000 70.000000 86.000000 32.000000 1.000000 50.000000 88.000000 25.000000 66.000000 20.000000 79.000000 22.000000 19.000000 93.000000 87.000000 86.000000 84.000000 60.000000 82.000000 6.000000 16.000000 60.000000 89.000000 97.000000 1.000000 42.000000 95.000000 77.000000 19.000000 24.000000 67.000000 6.000000 81.000000 65.000000 59.000000 30.000000 23.000000 66.000000 53.000000 80.000000 83.000000 4.000000 2.000000 73.000000 10.000000 46.000000 72.000000 75.000000 14.000000 38.000000 74.000000 90.000000 20.000000 85.000000 55.000000 93.000000 5.000000 65.000000 67.000000 99.000000 8.000000 19.000000 15.000000 9.000000 80.000000 41.000000 91.000000 49.000000 83.000000 32.000000 20.000000 6.000000 17.000000 13.000000 36.000000 47.000000 50.000000 67.000000 51.000000 18.000000 18.000000 30.000000 42.000000 11.000000 74.000000 75.000000 7.000000 96.000000 61.000000 94.000000 3.000000 28.000000 43.000000 33.000000 17.000000 29.000000 76.000000 28.000000 87.000000 97.000000 11.000000 81.000000 96.000000 98.000000 93.000000 46.000000 6.000000 59.000000 77.000000 99.000000 13.000000 98.000000 46.000000 14.000000 39.000000 90.000000 39.000000 35.000000 61.000000 48.000000 89.000000 6.000000 19.000000 5.000000 26.000000 81.000000 91.000000 46.000000 14.000000 84.000000 76.000000 59.000000 90.000000 14.000000 90.000000 28.000000 66.000000 19.000000 20.000000 70.000000 86.000000 94.000000 90.000000 89.000000 76.000000 69.000000 92.000000 95.000000 55.000000 91.000000 76.000000 44.000000 29.000000 10.000000 29.000000 28.000000 99.000000 13.000000 3.000000 62.000000 83.000000 40.000000 28.000000 33.000000 85.000000 11.000000 14.000000 58.000000 88.000000 36.000000 11.000000 86.000000 15.000000 37.000000 3.000000 34.000000 17.000000 41.000000 55.000000 52.000000 94.000000 72.000000 30.000000 56.000000 69.000000 56.000000 53.000000 54.000000 33.000000 63.000000 4.000000 94.000000 2.000000 18.000000 81.000000 1.000000 4.000000 35.000000 62.000000 20.000000 86.000000 10.000000 80.000000 40.000000 30.000000 41.000000 64.000000 1.000000 87.000000 93.000000 43.000000 12.000000 52.000000 46.000000 78.000000 30.000000 32.000000 10.000000 95.000000 63.000000 49.000000 87.000000 90.000000 42.000000 14.000000 14.000000 10.000000 76.000000 37.000000 66.000000 89.000000 5.000000 64.000000 96.000000 12.000000 31.000000 95.000000 81.000000 68.000000 91.000000 51.000000 8.000000 54.000000 68.000000 70.000000 48.000000 62.000000 51.000000 78.000000 19.000000 37.000000 80.000000 32.000000 65.000000 94.000000 20.000000 30.000000 99.000000 35.000000 40.000000 56.000000 58.000000 74.000000 74.000000 72.000000 58.000000 9.000000 1.000000 16.000000 75.000000 82.000000 8.000000 22.000000 70.000000 92.000000 79.000000 49.000000 37.000000 18.000000 47.000000 19.000000 3.000000 92.000000 30.000000 91.000000 31.000000 35.000000 3.000000 82.000000 64.000000 6.000000 85.000000 29.000000 40.000000 96.000000 18.000000 99.000000 81.000000 2.000000 75.000000 3.000000 93.000000 20.000000 8.000000 6.000000 23.000000 50.000000 80.000000 59.000000 28.000000 4.000000 58.000000 75.000000 27.000000 72.000000 29.000000 59.000000 36.000000 92.000000 75.000000 11.000000 73.000000 31.000000 94.000000 94.000000 50.000000 74.000000 97.000000 51.000000 12.000000 76.000000 54.000000 86.000000 59.000000 32.000000 27.000000 10.000000 98.000000 33.000000 42.000000 27.000000 46.000000 29.000000 10.000000 22.000000 99.000000 19.000000 50.000000 56.000000 28.000000 65.000000 13.000000 52.000000 26.000000 30.000000 91.000000 34.000000 77.000000 30.000000 63.000000 91.000000 28.000000 43.000000 41.000000 48.000000 51.000000 88.000000 59.000000 81.000000 48.000000 87.000000 60.000000 16.000000 89.000000 56.000000 33.000000 36.000000 87.000000 29.000000]

! === COVERAGE SETS I_j ===
! For each customer j: list of facilities that can cover j
COVERAGE_I_j: [
  (0) [3 18 28 39 40 45 61 70 77 79 84 87 91]
  (1) [6 13 25 36 53 66 93]
  (2) [27 30 35 37 56 65 67 85]
  (3) [3 18 28 40 45 61 70 77 79 84 87 91]
  (4) [14 19 24 30 35 37 46 52 59 65 67 83 85]
  (5) [1 4 5 20 28 48 49 73 81 90 91]
  (6) [2 14 19 24 46 59 74 83]
  (7) [7 9 26 31 32 50 64 86 92]
  (8) [4 20 34 41 43 48 51 75 80]
  (9) [29 31 33 40 58 61 79 91 92]
  (10) [1 5 10 20 22 34 47 71 81 90]
  (11) [11 15 16 54 55 57 78 98 99]
  (12) [1 4 5 20 22 34 48 49 71 73 81 90]
  (13) [0 6 13 25 36 53 63 66 88 93 94]
  (14) [9 26 31 32 33 40 44 45 50 61 64 70 79 92]
  (15) [4 20 41 43 48 49 51 73 75 80]
  (16) [9 26 31 32 44 64 92]
  (17) [4 20 41 43 48 49 58 73 81 91]
  (18) [0 1 5 17 21 22 23 38 47 62 63 84 88 90]
  (19) [3 18 28 31 33 40 45 50 61 64 70 79 87 92]
  (20) [0 5 10 21 23 38 47 62 63 88 93 94]
  (21) [11 16 35 52 54 55 78 98]
  (22) [15 16 36 54 55 57 78 98 99]
  (23) [2 12 14 19 24 39 42 46 59 60 69 76 82 85 89 95]
  (24) [4 20 41 43 48 49 58 73]
  (25) [2 3 12 14 18 19 24 39 42 46 59 60 69 76 82 89 95]
  (26) [0 6 21 23 36 63 88 93 94]
  (27) [3 18 28 31 33 40 45 61 70 79 87 91]
  (28) [7 12 14 42 46 60 69 76 82 85 86 89 95]
  (29) [1 5 20 22 34 47 71 81 90]
  (30) [4 20 43 48 49 58 73 81 91]
  (31) [2 3 7 9 12 18 31 32 39 45 50 64 70 76 82 86 87]
  (32) [0 6 21 23 38 47 63 88 93 94]
  (33) [27 30 35 37 56 65 67 85]
  (34) [0 5 17 21 22 23 38 47 62 63 88 90 97]
  (35) [2 14 19 24 39 46 59 69 74 76 82 83 95]
  (36) [2 3 12 14 18 19 24 39 46 59 69 74 76 77 82 83 95]
  (37) [6 13 15 25 36 53 57 66 93]
  (38) [0 1 5 10 22 23 34 47 63 71 81 88 90]
  (39) [14 24 27 30 37 42 56 60 65 67 85]
  (40) [0 6 10 47 63 88 94]
  (41) [4 20 28 29 48 49 58 73 91]
  (42) [6 13 15 16 25 36 53 54 55 57 66 78 93 98 99]
  (43) [3 7 9 18 26 31 32 39 40 45 50 64 70 86 87 92]
  (44) [2 14 19 24 30 42 46 59 60 67 69 74 76 82 83 85 95]
  (45) [1 5 20 28 49 73 81 84 90 91]
  (46) [8 17 21 23 38 62 68 72 74 77 78 83 96 97 99]
  (47) [11 24 30 35 37 52 65 67]
  (48) [3 7 9 12 18 26 31 32 45 50 64 70 76 86 92]
  (49) [2 3 18 28 39 40 45 61 68 70 77 79 84 87 91]
  (50) [2 3 12 14 18 19 24 39 42 46 50 59 60 69 76 82 86 89 95]
  (51) [1 4 20 43 48 49 73 81 91]
  (52) [0 5 10 22 23 47 63 71 88 90 94]
  (53) [1 5 20 22 23 34 47 62 63 71 81 88 90]
  (54) [14 27 30 37 42 56 60 65 67 69 85]
  (55) [8 11 16 54 55 72 74 78 83 97 98 99]
  (56) [11 16 35 52 54 55 74 78 83 98 99]
  (57) [6 13 25 36 53 66 93]
  (58) [8 15 16 21 36 54 55 57 72 78 93 97 98 99]
  (59) [2 3 8 17 18 19 38 39 59 68 72 74 77 83 84 96 97]
  (60) [0 6 13 15 25 36 53 63 66 93]
  (61) [12 14 19 24 30 37 42 46 59 60 67 69 76 82 85 95]
  (62) [28 29 33 40 49 58 61 79 87 91]
  (63) [2 8 14 19 24 39 46 59 72 74 77 83 96]
  (64) [0 5 17 21 22 23 38 47 62 63 88 90 97]
  (65) [3 7 9 18 26 31 32 39 40 45 50 64 70 86 87 92]
  (66) [0 6 10 23 47 63 88 93 94]
  (67) [29 33 40 58 61 79]
  (68) [5 8 17 21 23 38 62 63 68 72 77 84 88 90 96 97]
  (69) [14 27 30 37 42 56 60 65 67 69 85]
  (70) [2 8 17 19 24 38 39 46 59 68 72 74 77 83 96 97]
  (71) [4 20 29 48 49 58 73 91]
  (72) [8 11 19 24 35 55 59 72 74 78 83 96 97 98 99]
  (73) [3 9 18 26 31 32 39 40 45 50 61 64 70 79 86 87 92]
  (74) [0 10 22 34 47 63 71 88 94]
  (75) [0 6 25 36 53 66 93 94]
  (76) [8 17 28 38 62 68 72 77 84 90 96 97]
  (77) [1 4 20 28 49 58 73 81 90 91]
  (78) [6 13 15 16 25 36 53 54 57 66 93 98]
  (79) [4 28 29 33 49 58 61 73 79 91]
  (80) [3 18 28 39 40 45 61 68 70 77 79 84 87 91]
  (81) [3 7 9 12 18 26 32 39 45 46 50 64 70 76 82 86 89 95]
  (82) [1 4 20 41 43 48 49 73 81]
  (83) [2 3 18 19 24 39 46 59 68 70 72 74 76 77 83 96]
  (84) [2 8 17 19 24 38 39 59 68 72 74 77 83 96 97]
  (85) [1 4 20 41 43 48 49 51 73 75 80 81]
  (86) [0 6 13 15 21 23 36 53 63 78 88 93 97 99]
  (87) [2 8 17 28 38 39 62 68 70 72 77 84 87 96 97]
  (88) [4 20 43 48 49 58 73 81 91]
  (89) [12 14 42 46 60 69 76 82 85 86 89 95]
  (90) [4 20 28 48 49 58 73 81 91]
  (91) [1 5 10 22 34 47 71 88 90]
  (92) [1 5 20 22 34 49 71 73 81 90 91]
  (93) [27 30 35 37 56 65 67 85]
  (94) [4 20 28 29 48 49 58 73 81 91]
  (95) [13 15 16 36 53 54 55 57 78 98 99]
  (96) [2 14 19 24 35 46 59 72 74 83]
  (97) [6 13 15 16 25 36 53 54 57 66 78 93 99]
  (98) [2 8 17 19 24 38 59 68 72 74 77 78 83 96 97 99]
  (99) [7 9 26 31 32 45 50 64 86 92]
  (100) [1 5 20 22 28 49 73 81 84 90 91]
  (101) [12 14 42 46 60 67 69 76 82 85 89 95]
  (102) [2 14 19 24 30 42 46 59 60 67 69 74 76 82 83 85 95]
  (103) [8 15 17 21 23 38 55 62 63 68 72 78 83 93 96 97 99]
  (104) [28 33 40 45 49 61 70 79 84 87 91]
  (105) [7 9 26 31 32 45 50 64 86 92]
  (106) [0 6 10 21 23 47 63 88 93 94]
  (107) [1 5 20 28 49 62 73 81 84 90 91]
  (108) [8 17 21 38 55 68 72 74 77 78 83 96 97 99]
  (109) [0 8 17 21 23 38 62 63 68 72 88 96 97 99]
  (110) [29 31 33 40 45 61 79 92]
  (111) [41 43 48 51 75 80]
  (112) [2 8 17 19 38 39 59 62 68 72 74 77 83 84 96 97]
  (113) [20 34 43 71 75 80]
  (114) [28 29 33 40 49 58 61 79 91]
  (115) [7 9 12 46 50 60 64 69 76 82 86 89 95]
  (116) [1 5 28 49 61 62 73 81 84 87 90 91]
  (117) [26 31 32 44 92]
  (118) [20 22 34 71]
  (119) [1 5 20 22 34 47 71 73 81 90]
  (120) [8 13 15 21 36 53 54 55 57 78 93 97 98 99]
  (121) [20 34 41 43 48 51 71 75 80]
  (122) [2 3 8 17 18 19 38 39 59 68 72 74 77 83 84 96 97]
  (123) [20 34 41 43 48 51 71 75 80]
  (124) [2 8 17 19 38 39 59 68 72 74 77 83 96 97]
  (125) [0 6 21 23 38 63 88 93 94]
  (126) [26 31 32 44 92]
  (127) [2 12 14 19 24 39 46 59 60 69 74 76 82 83 95]
  (128) [13 15 16 36 53 54 55 57 78 93 98 99]
  (129) [12 14 24 42 46 60 67 69 76 82 85 89 95]
  (130) [1 5 17 21 22 23 38 62 63 68 84 88 90 96 97]
  (131) [2 3 18 28 39 40 45 61 64 70 77 79 84 87]
  (132) [1 5 20 22 34 47 71 81]
  (133) [0 1 5 10 22 23 34 47 63 71 88 90 94]
  (134) [2 8 17 19 21 38 59 62 68 72 74 77 78 83 96 97 99]
  (135) [1 5 17 22 28 38 49 62 68 73 81 84 90]
  (136) [1 4 5 20 22 34 43 48 49 71 73 81 90]
  (137) [14 19 24 30 35 37 42 46 59 60 65 67 69 85]
  (138) [29 31 33 40 58 61 79 92]
  (139) [27 30 35 37 56 65 67 85]
  (140) [8 17 21 23 38 62 63 68 72 74 78 83 96 97 99]
  (141) [0 6 21 23 25 36 53 63 88 93 94]
  (142) [3 7 9 26 31 32 45 50 64 86 92]
  (143) [11 24 27 30 35 37 52 56 65 67 85]
  (144) [9 26 31 32 33 40 44 45 50 61 64 70 79 92]
  (145) [8 15 17 21 23 38 55 62 63 68 72 74 78 83 93 96 97 99]
  (146) [3 18 28 31 33 40 45 61 70 77 79 84 87 91]
  (147) [5 17 28 38 62 68 77 84 90 96 97]
  (148) [28 29 33 40 49 58 61 73 79 87 91]
  (149) [1 5 20 22 34 47 49 62 71 73 81 88 90]
  (150) [4 29 49 58 73 91]
  (151) [14 24 30 37 42 46 59 60 65 67 69 82 85 95]
  (152) [1 5 20 22 34 43 48 49 71 73 81 90]
  (153) [13 15 16 36 53 54 55 57 78 93 98 99]
  (154) [22 34 47 71]
  (155) [29 33 40 58 61 79 91]
  (156) [8 11 19 24 35 55 59 72 74 78 83 97 99]
  (157) [20 34 41 43 48 51 71 75 80]
  (158) [0 5 10 21 22 23 47 62 63 88 90 94]
  (159) [2 3 8 17 18 19 39 46 59 68 70 72 74 77 83 84 96 97]
  (160) [1 5 20 22 28 49 73 81 84 90 91]
  (161) [3 18 28 39 40 45 61 70 77 79 84 87 91]
  (162) [2 19 24 39 46 59 68 72 74 77 83 96]
  (163) [27 30 37 42 56 65 67 85]
  (164) [2 3 18 28 39 40 45 50 61 64 70 77 79 84 87]
  (165) [7 9 26 32 44 50 64 92]
  (166) [7 12 14 19 42 46 50 59 60 69 76 82 86 89 95]
  (167) [8 17 21 38 55 68 72 74 77 78 83 96 97 99]
  (168) [2 3 12 14 18 19 24 39 42 46 59 60 69 76 82 86 89 95]
  (169) [1 5 20 28 49 73 81 84 90 91]
  (170) [0 8 21 23 38 62 63 88 93 97]
  (171) [28 29 33 40 49 58 61 73 79 87 91]
  (172) [14 24 27 30 35 37 42 56 60 65 67 85]
  (173) [26 31 32 44 92]
  (174) [2 8 17 19 24 39 46 59 68 72 74 77 83 96 97]
  (175) [8 38 54 55 72 74 78 83 96 97 98 99]
  (176) [1 5 17 22 23 28 49 62 73 81 84 90]
  (177) [41 43 48 51 75 80]
  (178) [9 26 31 32 40 44 45 50 64 70 92]
  (179) [1 28 49 61 73 79 81 84 87 90 91]
  (180) [8 11 15 16 54 55 57 72 74 78 83 98 99]
  (181) [6 13 25 36 53 66 93 94]
  (182) [8 17 21 38 54 55 68 72 74 78 83 96 97 98 99]
  (183) [7 9 26 31 32 45 50 64 86 92]
  (184) [14 19 24 30 35 37 42 46 59 60 65 67 69 85]
  (185) [13 15 16 25 36 53 54 55 57 78 93 98 99]
  (186) [1 5 17 22 23 28 38 49 62 68 81 84 88 90]
  (187) [8 17 21 23 38 62 68 72 74 77 78 83 84 96 97 99]
  (188) [28 29 31 33 40 45 58 61 70 79 87 91 92]
  (189) [14 24 30 37 42 46 60 65 67 69 85 95]
  (190) [14 24 27 30 35 37 42 56 60 65 67 85]
  (191) [7 9 26 31 32 44 50 64 86 92]
  (192) [28 40 49 58 61 73 79 81 84 87 91]
  (193) [7 9 12 32 46 50 60 64 69 76 82 86 89 95]
  (194) [0 8 15 17 21 23 38 62 63 68 72 78 88 93 97 99]
  (195) [1 4 20 34 41 43 48 51 71 73 75 80 81]
  (196) [0 8 15 21 23 36 38 63 72 78 88 93 97 99]
  (197) [3 7 9 12 18 26 32 39 45 46 50 64 70 76 82 86 89 95]
  (198) [2 12 14 19 24 39 42 46 59 60 69 76 82 85 89 95]
  (199) [28 33 40 49 58 61 73 79 81 91]
  (200) [11 30 35 37 52 65 67]
  (201) [3 18 28 31 32 33 40 45 50 61 64 70 79 87 92]
  (202) [3 18 28 31 33 39 40 45 61 70 79 84 87 91]
  (203) [11 16 35 52 54 55 74 78 83 98 99]
  (204) [29 31 33 40 58 61 79 91]
  (205) [22 34 47 71]
  (206) [8 17 21 23 38 62 68 72 77 84 90 96 97]
  (207) [11 16 35 52 54 55 78 98]
  (208) [11 27 30 35 37 52 56 65 67]
  (209) [4 20 41 43 48 51 75 80]
  (210) [1 5 20 22 34 47 71 81 88 90]
  (211) [1 4 20 28 48 49 58 73 81 90 91]
  (212) [12 14 19 24 30 42 46 59 60 67 69 76 82 85 89 95]
  (213) [13 15 16 25 36 53 54 55 57 66 78 93 98]
  (214) [12 14 19 24 30 42 46 59 60 67 69 76 82 85 89 95]
  (215) [1 5 20 22 34 47 71 73 81 90]
  (216) [0 6 13 15 21 23 36 63 88 93]
  (217) [11 27 30 35 37 52 56 65 67]
  (218) [4 29 33 49 58 61 79 91]
  (219) [6 13 15 25 36 53 57 66 93]
  (220) [20 34 41 43 48 51 71 75 80]
  (221) [29 31 33 40 44 92]
  (222) [1 5 20 22 34 43 48 71 73 81 90]
  (223) [3 9 18 26 31 32 33 40 45 50 61 64 70 79 87 92]
  (224) [2 3 7 9 12 18 19 32 39 45 46 50 59 64 69 70 76 82 86 89 95]
  (225) [3 18 28 31 32 33 40 45 50 61 64 70 79 87 92]
  (226) [0 6 13 15 21 23 25 36 53 63 88 93 94]
  (227) [1 20 28 49 61 73 79 81 84 90 91]
  (228) [8 15 16 21 38 54 55 57 72 74 78 83 97 98 99]
  (229) [0 5 10 22 23 47 63 71 88 94]
  (230) [29 33 58 61 79 91]
  (231) [1 5 20 22 34 47 49 62 71 73 81 84 88 90]
  (232) [3 7 9 18 26 31 32 40 45 50 64 70 86 92]
  (233) [29 31 33 40 45 61 79 92]
  (234) [20 34 41 43 48 51 71 75 80]
  (235) [14 24 27 30 35 37 42 56 60 65 67 69 85]
  (236) [3 18 28 40 45 61 70 77 79 84 87 91]
  (237) [11 24 35 52 55 74 78 83 98 99]
  (238) [8 17 21 23 38 55 62 68 72 74 77 78 83 96 97 99]
  (239) [6 13 15 21 25 36 53 57 66 93]
  (240) [6 13 15 25 36 53 57 66 93]
  (241) [28 29 33 40 49 58 61 73 79 91]
  (242) [4 20 48 49 58 73 81 91]
  (243) [27 30 35 37 52 56 65 67 85]
  (244) [14 24 27 30 35 37 42 56 60 65 67 85]
  (245) [2 8 19 24 55 59 72 74 83 96 97]
  (246) [1 20 28 49 58 61 73 79 81 84 91]
  (247) [4 29 33 49 58 73 91]
  (248) [4 28 29 33 49 58 61 73 79 91]
  (249) [29 31 33 40 58 61 79 91 92]
  (250) [11 24 27 30 35 37 52 56 65 67 85]
  (251) [2 14 19 24 39 46 59 72 74 77 83 96]
  (252) [8 17 21 23 38 62 68 72 74 77 78 83 84 96 97 99]
  (253) [8 17 21 38 55 68 72 74 77 78 83 96 97 99]
  (254) [2 3 18 28 31 39 40 45 50 61 64 70 77 79 84 87]
  (255) [26 44 92]
  (256) [4 20 48 49 58 73 91]
  (257) [1 5 20 22 28 49 62 73 81 84 90 91]
  (258) [26 29 31 33 40 44 92]
  (259) [6 13 15 21 25 36 53 54 57 66 93 99]
  (260) [1 5 20 22 34 47 71 73 81 88 90]
  (261) [11 27 30 35 37 52 56 65 67 85]
  (262) [1 5 17 21 22 23 38 47 62 63 68 81 84 88 90]
  (263) [3 9 18 31 32 39 40 45 50 61 64 70 79 86 87 92]
  (264) [3 18 28 31 33 39 40 45 50 61 64 70 79 87 91]
  (265) [0 5 10 22 34 47 63 71 88 94]
  (266) [13 15 16 25 36 53 54 57 66 93 98]
  (267) [14 24 27 30 37 42 56 60 65 67 69 85]
  (268) [2 3 7 12 14 18 19 24 39 42 46 50 59 60 64 69 76 82 86 89 95]
  (269) [6 13 15 16 25 36 53 54 55 57 66 78 93 98 99]
  (270) [2 8 17 19 24 39 46 59 68 72 74 77 83 96 97]
  (271) [1 4 20 34 41 43 48 49 73 81]
  (272) [2 3 7 9 12 14 18 19 39 46 50 59 60 64 69 76 82 86 89 95]
  (273) [28 31 33 40 45 58 61 70 79 87 91]
  (274) [7 9 26 31 32 44 50 64 92]
  (275) [27 30 37 42 56 65 67 85]
  (276) [4 41 43 48 51 75 80]
  (277) [1 5 17 28 49 62 68 73 77 81 84 90 91]
  (278) [0 10 22 23 47 63 88 94]
  (279) [26 31 32 33 40 44 45 61 79 92]
  (280) [6 13 15 16 25 36 53 54 55 57 66 78 93 98]
  (281) [0 6 15 21 23 36 63 88 93 99]
  (282) [1 4 5 20 22 34 43 48 49 71 73 81 90]
  (283) [11 30 35 37 52 65]
  (284) [26 29 31 33 40 44 92]
  (285) [6 13 15 25 36 53 54 57 66 93]
  (286) [1 4 20 43 48 49 58 73 81 91]
  (287) [1 5 20 22 28 49 62 73 81 84 90 91]
  (288) [2 3 17 18 28 38 39 62 68 70 77 84 87 96]
  (289) [2 3 7 9 12 18 26 31 32 39 45 46 50 64 70 76 82 86 87]
  (290) [26 44 92]
  (291) [12 14 24 30 37 42 46 60 67 69 76 82 85 95]
  (292) [28 29 31 33 40 45 61 70 79 87 91 92]
  (293) [1 4 5 20 28 49 73 81 90 91]
  (294) [11 24 30 35 37 52 65 67]
  (295) [3 7 9 18 26 31 32 39 40 45 50 64 70 86 87 92]
  (296) [1 5 17 23 28 38 62 68 77 84 90 96 97]
  (297) [7 12 14 42 46 60 69 76 82 85 86 89 95]
  (298) [14 19 24 30 35 37 42 46 59 60 65 67 69 85]
  (299) [14 24 30 37 42 46 59 60 67 69 76 82 85 95]
  (300) [0 6 13 15 21 23 25 36 53 63 66 88 93 94]
  (301) [2 3 18 28 31 39 40 45 50 61 64 70 77 79 87]
  (302) [6 13 25 36 53 66 93]
  (303) [3 9 18 26 31 32 33 40 45 50 61 64 70 79 87 92]
  (304) [2 14 19 24 30 37 42 46 59 60 67 69 76 82 85 95]
  (305) [8 17 21 23 38 62 63 68 72 74 77 84 96 97 99]
  (306) [11 15 16 54 55 57 78 98 99]
  (307) [28 29 33 40 49 58 61 73 79 91]
  (308) [2 3 12 14 18 19 24 39 46 59 60 69 76 82 86 89 95]
  (309) [7 12 14 42 46 60 69 76 82 85 86 89 95]
  (310) [28 29 33 40 49 58 61 73 79 91]
  (311) [7 9 12 46 50 60 64 69 76 82 86 89 95]
  (312) [11 24 30 35 37 52 65]
  (313) [0 10 21 23 38 47 62 63 88 93 94]
  (314) [2 3 18 19 28 39 45 59 68 70 77 84 87 96]
  (315) [2 8 17 19 38 59 68 72 74 77 78 83 96 97 99]
  (316) [9 26 31 32 44 45 50 64 92]
  (317) [1 4 5 20 28 48 49 58 73 81 90 91]
  (318) [2 3 18 19 39 45 46 50 59 64 70 77 87 96]
  (319) [20 22 34 43 48 71 75 80]
  (320) [2 3 7 9 12 14 18 19 39 45 46 50 59 64 69 70 76 82 86 89 95]
  (321) [8 17 21 38 55 62 68 72 74 77 78 83 96 97 99]
  (322) [1 5 20 22 28 49 62 73 81 84 90]
  (323) [8 11 24 35 55 59 72 74 78 83 97 98 99]
  (324) [20 34 41 43 48 51 75 80]
  (325) [0 8 15 17 21 23 38 62 63 72 78 88 93 97 99]
  (326) [11 30 35 37 52 65]
  (327) [2 3 18 19 28 39 40 45 50 61 64 70 77 79 84 87]
  (328) [1 5 20 22 34 43 48 71 73 81]
  (329) [0 6 13 15 21 25 36 53 63 66 93]
  (330) [2 3 18 19 39 40 45 50 64 70 77 86 87]
  (331) [6 13 25 36 53 66]
  (332) [2 8 17 19 24 39 59 68 72 74 77 83 96 97]
  (333) [4 28 29 33 40 49 58 61 73 79 81 91]
  (334) [1 4 5 20 34 43 48 49 73 81 90 91]
  (335) [20 34 41 43 48 51 71 75 80]
  (336) [0 6 15 21 23 36 63 88 93 94]
  (337) [11 24 35 52 55 74 83 98]
  (338) [6 13 15 16 21 25 36 53 54 55 57 66 78 93 98 99]
  (339) [28 29 31 33 40 45 58 61 70 79 87 91 92]
  (340) [0 6 25 63 66 93 94]
  (341) [28 29 31 33 40 45 58 61 79 87 91 92]
  (342) [2 8 17 19 24 39 46 59 68 72 74 77 83 96 97]
  (343) [1 5 28 49 62 73 81 84 90 91]
  (344) [13 15 16 36 53 54 55 57 78 98 99]
  (345) [2 3 17 18 19 39 59 68 70 72 74 77 83 84 87 96]
  (346) [8 15 17 21 23 36 38 54 55 63 68 72 78 93 97 99]
  (347) [14 19 24 30 35 37 46 59 67 74 83]
  (348) [12 14 24 30 42 46 60 67 69 76 82 85 89 95]
  (349) [29 31 33 40 45 61 79 92]
  (350) [1 5 17 28 38 49 62 68 77 81 84 90 91 96]
  (351) [4 41 43 48 51 75 80]
  (352) [11 14 24 30 35 37 52 65 67 85]
  (353) [11 24 30 35 37 52 55 65 74 83]
  (354) [13 15 16 36 53 54 55 57 78 98 99]
  (355) [28 33 40 49 58 61 73 79 81 84 87 91]
  (356) [26 44 92]
  (357) [8 11 16 35 52 54 55 72 74 78 83 98 99]
  (358) [2 3 7 9 12 14 18 19 32 39 45 46 50 59 64 69 70 76 82 86 89 95]
  (359) [27 30 35 37 56 65 67 85]
  (360) [2 12 14 19 24 39 42 46 59 60 69 76 82 89 95]
  (361) [9 26 32 44 92]
  (362) [2 3 7 12 14 18 19 39 45 46 50 59 64 69 70 76 82 86 89 95]
  (363) [8 17 21 23 38 62 63 68 72 77 84 90 96 97]
  (364) [4 20 41 43 48 51 75 80]
  (365) [8 17 38 55 68 72 74 78 83 96 97 98 99]
  (366) [3 9 18 26 31 32 33 40 45 50 61 64 70 79 87 92]
  (367) [11 16 35 52 54 55 98]
  (368) [1 5 20 22 34 43 48 49 71 73 81 90]
  (369) [2 3 17 18 28 38 39 62 68 70 77 84 87 96]
  (370) [12 14 19 24 42 46 59 60 67 69 76 82 85 89 95]
  (371) [6 13 15 16 25 36 53 54 55 57 66 78 93 98 99]
  (372) [8 11 24 35 52 55 72 74 78 83 97 98 99]
  (373) [3 7 9 12 14 18 39 46 50 60 64 69 76 82 86 89 95]
  (374) [13 15 16 25 36 53 54 55 57 78 93 98 99]
  (375) [6 13 15 16 25 36 53 54 57 66 78 93 98 99]
  (376) [2 3 9 18 31 32 39 40 45 50 61 64 70 79 86 87]
  (377) [28 33 40 49 58 61 73 79 81 91]
  (378) [11 24 35 37 52 55 74 83]
  (379) [0 10 47 63 88 94]
  (380) [3 7 9 18 26 31 32 45 50 64 70 86 92]
  (381) [2 8 17 21 38 62 68 72 74 77 83 84 96 97]
  (382) [10 22 34 47 71]
  (383) [5 10 22 34 47 71]
  (384) [2 3 12 18 19 39 45 46 50 59 64 69 70 76 77 82 86 87 95]
  (385) [14 24 27 30 37 42 56 60 65 67 69 85 95]
  (386) [4 20 41 43 48 51 73 75 80]
  (387) [0 6 10 21 23 63 88 93 94]
  (388) [13 15 16 21 36 53 54 55 57 78 93 98 99]
  (389) [7 9 26 32 44 64 92]
  (390) [6 13 15 25 36 53 54 57 66 93]
  (391) [2 3 7 9 12 14 18 19 39 46 50 59 60 64 69 70 76 82 86 89 95]
  (392) [12 14 24 30 42 46 60 67 69 76 82 85 89 95]
  (393) [6 13 15 25 36 53 57 66 93]
  (394) [2 3 9 18 31 39 40 45 50 61 64 70 77 79 86 87]
  (395) [0 1 5 10 22 23 34 47 63 71 81 88 90]
  (396) [2 12 14 19 24 42 46 59 60 69 76 82 85 89 95]
  (397) [14 24 27 30 37 42 56 60 65 67 85]
  (398) [9 26 31 32 33 40 44 45 50 64 79 92]
  (399) [2 3 18 28 39 40 45 61 68 70 77 79 84 87 96]
  (400) [0 5 10 22 23 47 63 71 88 94]
  (401) [26 31 44 92]
  (402) [1 5 17 28 49 62 68 77 81 84 87 90 91 96]
  (403) [4 29 48 49 58 73 91]
  (404) [2 3 12 14 18 19 24 39 46 59 69 74 76 77 82 83 95]
  (405) [2 8 17 19 38 39 62 68 72 74 77 83 84 87 96 97]
  (406) [7 9 12 42 46 50 60 69 76 82 86 89 95]
  (407) [1 4 20 34 41 43 48 51 71 73 75 80 81]
  (408) [2 3 17 18 19 24 39 46 59 68 70 72 74 77 83 96]
  (409) [9 26 31 32 44 92]
  (410) [0 10 22 34 47 63 71 88 94]
  (411) [8 17 21 23 38 62 63 68 72 74 77 84 96 97 99]
  (412) [2 8 17 19 38 55 59 68 72 74 77 78 83 96 97 99]
  (413) [27 30 37 42 56 65 67 85]
  (414) [3 9 18 26 31 32 33 40 45 50 61 64 70 79 87 92]
  (415) [6 13 15 16 25 36 53 54 57 66 93]
  (416) [3 7 9 18 26 31 32 39 40 45 50 61 64 70 86 87 92]
  (417) [6 13 15 25 36 53 54 57 66 93]
  (418) [28 40 45 61 70 77 79 84 87 91]
  (419) [28 29 33 40 49 58 61 73 79 87 91]
  (420) [13 15 16 25 36 53 54 55 57 66 78 93 98 99]
  (421) [14 19 24 30 35 37 42 46 59 60 65 67 69 85]
  (422) [8 11 16 35 52 54 55 72 74 78 83 98 99]
  (423) [1 4 5 20 28 49 73 81 84 90 91]
  (424) [3 18 28 31 33 40 45 61 70 79 84 87 91]
  (425) [11 15 16 52 54 55 57 78 98 99]
  (426) [0 1 5 10 22 23 34 47 63 71 88 90 94]
  (427) [8 17 21 23 38 62 68 72 74 77 83 84 96 97]
  (428) [2 3 12 18 19 39 45 46 50 59 64 70 76 77 82 86 87]
  (429) [0 6 13 25 36 53 66 93 94]
  (430) [28 29 33 40 49 58 61 79 87 91]
  (431) [26 29 31 32 33 40 44 45 61 79 92]
  (432) [6 13 15 25 36 53 54 57 66 93]
  (433) [2 8 17 19 24 38 39 46 59 68 72 74 77 83 96 97]
  (434) [8 17 21 23 38 62 68 72 77 84 90 96 97]
  (435) [8 17 21 23 38 55 62 68 72 74 78 83 96 97 99]
  (436) [11 30 35 37 52 65]
  (437) [4 20 48 49 58 73 81 91]
  (438) [4 20 41 43 48 51 75 80]
  (439) [2 3 17 18 19 39 59 68 70 74 77 84 87 96]
  (440) [0 10 47 63 88 94]
  (441) [27 30 37 56 65 67 85]
  (442) [6 13 15 25 36 53 57 66 93]
  (443) [1 5 20 22 34 47 71 73 81 90]
  (444) [11 19 24 30 35 37 52 59 74 83]
  (445) [13 15 16 25 36 53 54 57 66 93 98]
  (446) [29 33 40 58 61 79 91]
  (447) [28 29 31 33 40 58 61 79 87 91]
  (448) [1 20 28 49 58 61 73 79 81 84 90 91]
  (449) [3 7 9 18 26 31 32 45 50 64 70 86 92]
  (450) [27 30 37 56 65 67 85]
  (451) [3 18 28 31 32 33 39 40 45 50 61 64 70 79 87 92]
  (452) [14 19 24 30 35 37 42 46 59 60 65 67 69 85]
  (453) [0 1 5 10 22 34 47 63 71 81 88 90]
  (454) [2 8 17 19 24 39 46 59 68 72 74 77 83 96 97]
  (455) [27 30 37 56 65 67 85]
  (456) [8 11 15 16 54 55 57 72 74 78 83 97 98 99]
  (457) [1 5 20 22 34 49 62 71 73 81 90]
  (458) [0 6 10 23 47 63 88 93 94]
  (459) [28 29 33 40 58 61 79 91]
  (460) [11 35 37 52 55 65 83 98]
  (461) [0 1 5 8 17 21 22 23 38 47 62 63 68 84 88 90 97]
  (462) [6 13 15 25 36 53 66 93]
  (463) [2 8 17 19 24 39 46 59 68 72 74 77 83 96 97]
  (464) [1 5 20 22 34 47 71 81]
  (465) [1 5 20 22 34 47 71 81]
  (466) [4 20 34 41 43 48 51 73 75 80 81]
  (467) [11 16 52 54 55 57 78 83 98 99]
  (468) [11 15 16 52 54 55 57 78 98 99]
  (469) [14 24 27 30 35 37 42 56 65 67 85]
  (470) [1 4 20 28 48 49 58 73 81 90 91]
  (471) [1 5 20 22 23 47 49 62 73 81 84 88 90]
  (472) [2 3 17 18 19 39 46 59 68 70 74 77 87 96]
  (473) [3 18 28 31 33 40 45 50 61 64 70 79 87 92]
  (474) [0 6 10 47 63 88 94]
  (475) [8 15 21 23 36 38 54 55 63 72 78 93 97 99]
  (476) [28 33 40 49 61 70 79 84 87 91]
  (477) [0 6 10 21 23 47 63 88 93 94]
  (478) [6 13 25 36 53 66 93]
  (479) [0 6 10 21 23 47 63 88 93 94]
  (480) [4 20 48 49 58 73 81 91]
  (481) [0 10 22 34 47 63 71 88 94]
  (482) [3 7 9 18 26 31 32 45 50 64 70 86 92]
  (483) [11 14 19 24 35 59 74 83]
  (484) [0 6 13 15 21 25 36 53 63 66 93]
  (485) [2 12 14 19 24 39 42 46 59 60 69 76 82 85 89 95]
  (486) [6 13 15 25 36 53 66 93]
  (487) [0 1 5 10 22 23 34 47 63 71 88 90 94]
  (488) [0 10 23 47 63 88 94]
  (489) [0 8 17 21 23 38 62 63 68 72 78 88 93 97 99]
  (490) [5 10 22 34 47 71 88 94]
  (491) [9 26 32 44 92]
  (492) [26 31 44 92]
  (493) [11 24 35 52 55 74 83]
  (494) [2 8 17 19 24 39 46 59 68 72 74 77 83 96]
  (495) [2 12 14 19 24 39 42 46 59 60 69 76 82 85 89 95]
  (496) [3 7 9 12 18 26 31 32 39 45 50 64 70 76 86 87 92]
  (497) [14 19 24 30 35 37 46 59 67 74 83 85]
  (498) [0 6 10 21 23 47 63 88 93 94]
  (499) [3 9 18 26 31 32 33 39 40 45 50 61 64 70 79 87 92]
]

! === REVERSE COVERAGE SETS J_i ===
! For each facility i: list of customers covered by i
COVERAGE_J_i: [
  (0) [13 18 20 26 32 34 38 40 52 60 64 66 74 75 86 106 109 125 133 141 158 170 194 196 216 226 229 265 278 281 300 313 325 329 336 340 379 387 395 400 410 426 429 440 453 458 461 474 477 479 481 484 487 488 489 498]
  (1) [5 10 12 18 29 38 45 51 53 77 82 85 91 92 100 107 116 119 130 132 133 135 136 149 152 160 169 176 179 186 195 210 211 215 222 227 231 246 257 260 262 271 277 282 286 287 293 296 317 322 328 334 343 350 368 395 402 407 423 426 443 448 453 457 461 464 465 470 471 487]
  (2) [6 23 25 31 35 36 44 49 50 59 63 70 83 84 87 96 98 102 112 122 124 127 131 134 159 162 164 168 174 198 224 245 251 254 268 270 272 288 289 301 304 308 314 315 318 320 327 330 332 342 345 358 360 362 369 376 381 384 391 394 396 399 404 405 408 412 428 433 439 454 463 472 485 494 495]
  (3) [0 3 19 25 27 31 36 43 48 49 50 59 65 73 80 81 83 122 131 142 146 159 161 164 168 197 201 202 223 224 225 232 236 254 263 264 268 272 288 289 295 301 303 308 314 318 320 327 330 345 358 362 366 369 373 376 380 384 391 394 399 404 408 414 416 424 428 439 449 451 472 473 482 496 499]
  (4) [5 8 12 15 17 24 30 41 51 71 77 79 82 85 88 90 94 136 150 195 209 211 218 242 247 248 256 271 276 282 286 293 317 333 334 351 364 386 403 407 423 437 438 466 470 480]
  (5) [5 10 12 18 20 29 34 38 45 52 53 64 68 91 92 100 107 116 119 130 132 133 135 136 147 149 152 158 160 169 176 186 210 215 222 229 231 257 260 262 265 277 282 287 293 296 317 322 328 334 343 350 368 383 395 400 402 423 426 443 453 457 461 464 465 471 487 490]
  (6) [1 13 26 32 37 40 42 57 60 66 75 78 86 97 106 125 141 181 216 219 226 239 240 259 269 280 281 285 300 302 329 331 336 338 340 371 375 387 390 393 415 417 429 432 442 458 462 474 477 478 479 484 486 498]
  (7) [7 28 31 43 48 65 81 99 105 115 142 165 166 183 191 193 197 224 232 268 272 274 289 295 297 309 311 320 358 362 373 380 389 391 406 416 449 482 496]
  (8) [46 55 58 59 63 68 70 72 76 84 87 98 103 108 109 112 120 122 124 134 140 145 156 159 167 170 174 175 180 182 187 194 196 206 228 238 245 252 253 270 305 315 321 323 325 332 342 346 357 363 365 372 381 405 411 412 422 427 433 434 435 454 456 461 463 475 489 494]
  (9) [7 14 16 31 43 48 65 73 81 99 105 115 142 144 165 178 183 191 193 197 223 224 232 263 272 274 289 295 303 311 316 320 358 361 366 373 376 380 389 391 394 398 406 409 414 416 449 482 491 496 499]
  (10) [10 20 38 40 52 66 74 91 106 133 158 229 265 278 313 379 382 383 387 395 400 410 426 440 453 458 474 477 479 481 487 488 490 498]
  (11) [11 21 47 55 56 72 143 156 180 200 203 207 208 217 237 250 261 283 294 306 312 323 326 337 352 353 357 367 372 378 422 425 436 444 456 460 467 468 483 493]
  (12) [23 25 28 31 36 48 50 61 81 89 101 115 127 129 166 168 193 197 198 212 214 224 268 272 289 291 297 308 309 311 320 348 358 360 362 370 373 384 391 392 396 404 406 428 485 495 496]
  (13) [1 13 37 42 57 60 78 86 95 97 120 128 153 181 185 213 216 219 226 239 240 259 266 269 280 285 300 302 329 331 338 344 354 371 374 375 388 390 393 415 417 420 429 432 442 445 462 478 484 486]
  (14) [4 6 23 25 28 35 36 39 44 50 54 61 63 69 89 96 101 102 127 129 137 151 166 168 172 184 189 190 198 212 214 235 244 251 267 268 272 291 297 298 299 304 308 309 320 347 348 352 358 360 362 370 373 385 391 392 396 397 404 421 452 469 483 485 495 497]
  (15) [11 22 37 42 58 60 78 86 95 97 103 120 128 145 153 180 185 194 196 213 216 219 226 228 239 240 259 266 269 280 281 285 300 306 325 329 336 338 344 346 354 371 374 375 388 390 393 415 417 420 425 432 442 445 456 462 468 475 484 486]
  (16) [11 21 22 42 55 56 58 78 95 97 128 153 180 185 203 207 213 228 266 269 280 306 338 344 354 357 367 371 374 375 388 415 420 422 425 445 456 467 468]
  (17) [18 34 46 59 64 68 70 76 84 87 98 103 108 109 112 122 124 130 134 135 140 145 147 159 167 174 176 182 186 187 194 206 238 252 253 262 270 277 288 296 305 315 321 325 332 342 345 346 350 363 365 369 381 402 405 408 411 412 427 433 434 435 439 454 461 463 472 489 494]
  (18) [0 3 19 25 27 31 36 43 48 49 50 59 65 73 80 81 83 122 131 146 159 161 164 168 197 201 202 223 224 225 232 236 254 263 264 268 272 288 289 295 301 303 308 314 318 320 327 330 345 358 362 366 369 373 376 380 384 391 394 399 404 408 414 416 424 428 439 449 451 472 473 482 496 499]
  (19) [4 6 23 25 35 36 44 50 59 61 63 70 72 83 84 96 98 102 112 122 124 127 134 137 156 159 162 166 168 174 184 198 212 214 224 245 251 268 270 272 298 304 308 314 315 318 320 327 330 332 342 345 347 358 360 362 370 384 391 396 404 405 408 412 421 428 433 439 444 452 454 463 472 483 485 494 495 497]
  (20) [5 8 10 12 15 17 24 29 30 41 45 51 53 71 77 82 85 88 90 92 94 100 107 113 118 119 121 123 132 136 149 152 157 160 169 195 209 210 211 215 220 222 227 231 234 242 246 256 257 260 271 282 286 287 293 317 319 322 324 328 334 335 364 368 386 407 423 437 438 443 448 457 464 465 466 470 471 480]
  (21) [18 20 26 32 34 46 58 64 68 86 103 106 108 109 120 125 130 134 140 141 145 158 167 170 182 187 194 196 206 216 226 228 238 239 252 253 259 262 281 300 305 313 321 325 329 336 338 346 363 381 387 388 411 427 434 435 461 475 477 479 484 489 498]
  (22) [10 12 18 29 34 38 52 53 64 74 91 92 100 118 119 130 132 133 135 136 149 152 154 158 160 176 186 205 210 215 222 229 231 257 260 262 265 278 282 287 319 322 328 368 382 383 395 400 410 426 443 453 457 461 464 465 471 481 487 490]
  (23) [18 20 26 32 34 38 46 52 53 64 66 68 86 103 106 109 125 130 133 140 141 145 158 170 176 186 187 194 196 206 216 226 229 238 252 262 278 281 296 300 305 313 325 336 346 363 387 395 400 411 426 427 434 435 458 461 471 475 477 479 487 488 489 498]
  (24) [4 6 23 25 35 36 39 44 47 50 61 63 70 72 83 84 96 98 102 127 129 137 143 151 156 162 168 172 174 184 189 190 198 212 214 235 237 244 245 250 251 267 268 270 291 294 298 299 304 308 312 323 332 337 342 347 348 352 353 360 370 372 378 385 392 396 397 404 408 421 433 444 452 454 463 469 483 485 493 494 495 497]
  (25) [1 13 37 42 57 60 75 78 97 141 181 185 213 219 226 239 240 259 266 269 280 285 300 302 329 331 338 340 371 374 375 390 393 415 417 420 429 432 442 445 462 478 484 486]
  (26) [7 14 16 43 48 65 73 81 99 105 117 126 142 144 165 173 178 183 191 197 223 232 255 258 274 279 284 289 290 295 303 316 356 361 366 380 389 398 401 409 414 416 431 449 482 491 492 496 499]
  (27) [2 33 39 54 69 93 139 143 163 172 190 208 217 235 243 244 250 261 267 275 359 385 397 413 441 450 455 469]
  (28) [0 3 5 19 27 41 45 49 62 76 77 79 80 87 90 94 100 104 107 114 116 131 135 146 147 148 160 161 164 169 171 176 179 186 188 192 199 201 202 211 225 227 236 241 246 248 254 257 264 273 277 287 288 292 293 296 301 307 310 314 317 322 327 333 339 341 343 350 355 369 377 399 402 418 419 423 424 430 447 448 451 459 470 473 476]
  (29) [9 41 62 67 71 79 94 110 114 138 148 150 155 171 188 204 218 221 230 233 241 247 248 249 258 284 292 307 310 333 339 341 349 403 419 430 431 446 447 459]
  (30) [2 4 33 39 44 47 54 61 69 93 102 137 139 143 151 163 172 184 189 190 200 208 212 214 217 235 243 244 250 261 267 275 283 291 294 298 299 304 312 326 347 348 352 353 359 385 392 397 413 421 436 441 444 450 452 455 469 497]
  (31) [7 9 14 16 19 27 31 43 48 65 73 99 105 110 117 126 138 142 144 146 173 178 183 188 191 201 202 204 221 223 225 232 233 249 254 258 263 264 273 274 279 284 289 292 295 301 303 316 339 341 349 366 376 380 394 398 401 409 414 416 424 431 447 449 451 473 482 492 496 499]
  (32) [7 14 16 31 43 48 65 73 81 99 105 117 126 142 144 165 173 178 183 191 193 197 201 223 224 225 232 263 274 279 289 295 303 316 358 361 366 376 380 389 398 409 414 416 431 449 451 482 491 496 499]
  (33) [9 14 19 27 62 67 79 104 110 114 138 144 146 148 155 171 188 199 201 202 204 218 221 223 225 230 233 241 247 248 249 258 264 273 279 284 292 303 307 310 333 339 341 349 355 366 377 398 414 419 424 430 431 446 447 451 459 473 476 499]
  (34) [8 10 12 29 38 53 74 91 92 113 118 119 121 123 132 133 136 149 152 154 157 195 205 210 215 220 222 231 234 260 265 271 282 319 324 328 334 335 368 382 383 395 407 410 426 443 453 457 464 465 466 481 487 490]
  (35) [2 4 21 33 47 56 72 93 96 137 139 143 156 172 184 190 200 203 207 208 217 235 237 243 244 250 261 283 294 298 312 323 326 337 347 352 353 357 359 367 372 378 421 422 436 444 452 460 469 483 493 497]
  (36) [1 13 22 26 37 42 57 58 60 75 78 86 95 97 120 128 141 153 181 185 196 213 216 219 226 239 240 259 266 269 280 281 285 300 302 329 331 336 338 344 346 354 371 374 375 388 390 393 415 417 420 429 432 442 445 462 475 478 484 486]
  (37) [2 4 33 39 47 54 61 69 93 137 139 143 151 163 172 184 189 190 200 208 217 235 243 244 250 261 267 275 283 291 294 298 299 304 312 326 347 352 353 359 378 385 397 413 421 436 441 444 450 452 455 460 469 497]
  (38) [18 20 32 34 46 59 64 68 70 76 84 87 98 103 108 109 112 122 124 125 130 134 135 140 145 147 167 170 175 182 186 187 194 196 206 228 238 252 253 262 288 296 305 313 315 321 325 346 350 363 365 369 381 405 411 412 427 433 434 435 461 475 489]
  (39) [0 23 25 31 35 36 43 49 50 59 63 65 70 73 80 81 83 84 87 112 122 124 127 131 159 161 162 164 168 174 197 198 202 224 251 254 263 264 268 270 272 288 289 295 301 308 314 318 320 327 330 332 342 345 358 360 362 369 373 376 384 391 394 399 404 405 408 416 428 433 439 451 454 463 472 485 494 495 496 499]
  (40) [0 3 9 14 19 27 43 49 62 65 67 73 80 104 110 114 131 138 144 146 148 155 161 164 171 178 188 192 199 201 202 204 221 223 225 232 233 236 241 249 254 258 263 264 273 279 284 292 295 301 303 307 310 327 330 333 339 341 349 355 366 376 377 394 398 399 414 416 418 419 424 430 431 446 447 451 459 473 476 499]
  (41) [8 15 17 24 82 85 111 121 123 157 177 195 209 220 234 271 276 324 335 351 364 386 407 438 466]
  (42) [23 25 28 39 44 50 54 61 69 89 101 102 129 137 151 163 166 168 172 184 189 190 198 212 214 235 244 267 268 275 291 297 298 299 304 309 348 360 370 385 392 396 397 406 413 421 452 469 485 495]
  (43) [8 15 17 24 30 51 82 85 88 111 113 121 123 136 152 157 177 195 209 220 222 234 271 276 282 286 319 324 328 334 335 351 364 368 386 407 438 466]
  (44) [14 16 117 126 144 165 173 178 191 221 255 258 274 279 284 290 316 356 361 389 398 401 409 431 491 492]
  (45) [0 3 14 19 27 31 43 48 49 65 73 80 81 99 104 105 110 131 142 144 146 161 164 178 183 188 197 201 202 223 224 225 232 233 236 254 263 264 273 279 289 292 295 301 303 314 316 318 320 327 330 339 341 349 358 362 366 376 380 384 394 398 399 414 416 418 424 428 431 449 451 473 482 496 499]
  (46) [4 6 23 25 28 35 36 44 50 61 63 70 81 83 89 96 101 102 115 127 129 137 151 159 162 166 168 174 184 189 193 197 198 212 214 224 251 268 270 272 289 291 297 298 299 304 308 309 311 318 320 342 347 348 358 360 362 370 373 384 391 392 396 404 406 408 421 428 433 452 454 463 472 485 494 495 497]
  (47) [10 18 20 29 32 34 38 40 52 53 64 66 74 91 106 119 132 133 149 154 158 205 210 215 229 231 260 262 265 278 313 379 382 383 395 400 410 426 440 443 453 458 461 464 465 471 474 477 479 481 487 488 490 498]
  (48) [5 8 12 15 17 24 30 41 51 71 82 85 88 90 94 111 121 123 136 152 157 177 195 209 211 220 222 234 242 256 271 276 282 286 317 319 324 328 334 335 351 364 368 386 403 407 437 438 466 470 480]
  (49) [5 12 15 17 24 30 41 45 51 62 71 77 79 82 85 88 90 92 94 100 104 107 114 116 135 136 148 149 150 152 160 169 171 176 179 186 192 199 211 218 227 231 241 242 246 247 248 256 257 271 277 282 286 287 293 307 310 317 322 333 334 343 350 355 368 377 402 403 419 423 430 437 448 457 470 471 476 480]
  (50) [7 14 19 31 43 48 50 65 73 81 99 105 115 142 144 164 165 166 178 183 191 193 197 201 223 224 225 232 254 263 264 268 272 274 289 295 301 303 311 316 318 320 327 330 358 362 366 373 376 380 384 391 394 398 406 414 416 428 449 451 473 482 496 499]
  (51) [8 15 85 111 121 123 157 177 195 209 220 234 276 324 335 351 364 386 407 438 466]
  (52) [4 21 47 56 143 200 203 207 208 217 237 243 250 261 283 294 312 326 337 352 353 357 367 372 378 422 425 436 444 460 467 468 493]
  (53) [1 13 37 42 57 60 75 78 86 95 97 120 128 141 153 181 185 213 219 226 239 240 259 266 269 280 285 300 302 329 331 338 344 354 371 374 375 388 390 393 415 417 420 429 432 442 445 462 478 484 486]
  (54) [11 21 22 42 55 56 58 78 95 97 120 128 153 175 180 182 185 203 207 213 228 259 266 269 280 285 306 338 344 346 354 357 367 371 374 375 388 390 415 417 420 422 425 432 445 456 467 468 475]
  (55) [11 21 22 42 55 56 58 72 95 103 108 120 128 145 153 156 167 175 180 182 185 203 207 213 228 237 238 245 253 269 280 306 321 323 337 338 344 346 353 354 357 365 367 371 372 374 378 388 412 420 422 425 435 456 460 467 468 475 493]
  (56) [2 33 39 54 69 93 139 143 163 172 190 208 217 235 243 244 250 261 267 275 359 385 397 413 441 450 455 469]
  (57) [11 22 37 42 58 78 95 97 120 128 153 180 185 213 219 228 239 240 259 266 269 280 285 306 338 344 354 371 374 375 388 390 393 415 417 420 425 432 442 445 456 467 468]
  (58) [9 17 24 30 41 62 67 71 77 79 88 90 94 114 138 148 150 155 171 188 192 199 204 211 218 230 241 242 246 247 248 249 256 273 286 307 310 317 333 339 341 355 377 403 419 430 437 446 447 448 459 470 480]
  (59) [4 6 23 25 35 36 44 50 59 61 63 70 72 83 84 96 98 102 112 122 124 127 134 137 151 156 159 162 166 168 174 184 198 212 214 224 245 251 268 270 272 298 299 304 308 314 315 318 320 323 332 342 345 347 358 360 362 370 384 391 396 404 408 412 421 428 433 439 444 452 454 463 472 483 485 494 495 497]
  (60) [23 25 28 39 44 50 54 61 69 89 101 102 115 127 129 137 151 166 168 172 184 189 190 193 198 212 214 235 244 267 268 272 291 297 298 299 304 308 309 311 348 360 370 373 385 391 392 396 397 406 421 452 485 495]
  (61) [0 3 9 14 19 27 49 62 67 73 79 80 104 110 114 116 131 138 144 146 148 155 161 164 171 179 188 192 199 201 202 204 218 223 225 227 230 233 236 241 246 248 249 254 263 264 273 279 292 301 303 307 310 327 333 339 341 349 355 366 376 377 394 399 414 416 418 419 424 430 431 446 447 448 451 459 473 476 499]
  (62) [18 20 34 46 53 64 68 76 87 103 107 109 112 116 130 134 135 140 145 147 149 158 170 176 186 187 194 206 231 238 252 257 262 277 287 288 296 305 313 321 322 325 343 350 363 369 381 402 405 411 427 434 435 457 461 471 489]
  (63) [13 18 20 26 32 34 38 40 52 53 60 64 66 68 74 86 103 106 109 125 130 133 140 141 145 158 170 194 196 216 226 229 262 265 278 281 300 305 313 325 329 336 340 346 363 379 387 395 400 410 411 426 440 453 458 461 474 475 477 479 481 484 487 488 489 498]
  (64) [7 14 16 19 31 43 48 65 73 81 99 105 115 131 142 144 164 165 178 183 191 193 197 201 223 224 225 232 254 263 264 268 272 274 289 295 301 303 311 316 318 320 327 330 358 362 366 373 376 380 384 389 391 394 398 414 416 428 449 451 473 482 496 499]
  (65) [2 4 33 39 47 54 69 93 137 139 143 151 163 172 184 189 190 200 208 217 235 243 244 250 261 267 275 283 294 298 312 326 352 353 359 385 397 413 421 436 441 450 452 455 460 469]
  (66) [1 13 37 42 57 60 75 78 97 181 213 219 239 240 259 266 269 280 285 300 302 329 331 338 340 371 375 390 393 415 417 420 429 432 442 445 462 478 484 486]
  (67) [2 4 33 39 44 47 54 61 69 93 101 102 129 137 139 143 151 163 172 184 189 190 200 208 212 214 217 235 243 244 250 261 267 275 291 294 298 299 304 347 348 352 359 370 385 392 397 413 421 441 450 452 455 469 497]
  (68) [46 49 59 68 70 76 80 83 84 87 98 103 108 109 112 122 124 130 134 135 140 145 147 159 162 167 174 182 186 187 194 206 238 252 253 262 270 277 288 296 305 314 315 321 332 342 345 346 350 363 365 369 381 399 402 405 408 411 412 427 433 434 435 439 454 461 463 472 489 494]
  (69) [23 25 28 35 36 44 50 54 61 69 89 101 102 115 127 129 137 151 166 168 184 189 193 198 212 214 224 235 267 268 272 291 297 298 299 304 308 309 311 320 348 358 360 362 370 373 384 385 391 392 396 404 406 421 452 485 495]
  (70) [0 3 14 19 27 31 43 48 49 65 73 80 81 83 87 104 131 144 146 159 161 164 178 188 197 201 202 223 224 225 232 236 254 263 264 273 288 289 292 295 301 303 314 318 320 327 330 339 345 358 362 366 369 376 380 384 391 394 399 408 414 416 418 424 428 439 449 451 472 473 476 482 496 499]
  (71) [10 12 29 38 52 53 74 91 92 113 118 119 121 123 132 133 136 149 152 154 157 195 205 210 215 220 222 229 231 234 260 265 282 319 328 335 368 382 383 395 400 407 410 426 443 453 457 464 465 481 487 490]
  (72) [46 55 58 59 63 68 70 72 76 83 84 87 96 98 103 108 109 112 122 124 134 140 145 156 159 162 167 174 175 180 182 187 194 196 206 228 238 245 251 252 253 270 305 315 321 323 325 332 342 345 346 357 363 365 372 381 405 408 411 412 422 427 433 434 435 454 456 463 475 489 494]
  (73) [5 12 15 17 24 30 41 45 51 71 77 79 82 85 88 90 92 94 100 107 116 119 135 136 148 149 150 152 160 169 171 176 179 192 195 199 211 215 222 227 231 241 242 246 247 248 256 257 260 271 277 282 286 287 293 307 310 317 322 328 333 334 343 355 368 377 386 403 407 419 423 437 443 448 457 466 470 471 480]
  (74) [6 35 36 44 46 55 56 59 63 70 72 83 84 96 98 102 108 112 122 124 127 134 140 145 156 159 162 167 174 175 180 182 187 203 228 237 238 245 251 252 253 270 305 315 321 323 332 337 342 345 347 353 357 365 372 378 381 404 405 408 411 412 422 427 433 435 439 444 454 456 463 472 483 493 494 497]
  (75) [8 15 85 111 113 121 123 157 177 195 209 220 234 276 319 324 335 351 364 386 407 438 466]
  (76) [23 25 28 31 35 36 44 48 50 61 81 83 89 101 102 115 127 129 166 168 193 197 198 212 214 224 268 272 289 291 297 299 304 308 309 311 320 348 358 360 362 370 373 384 391 392 396 404 406 428 485 495 496]
  (77) [0 3 36 46 49 59 63 68 70 76 80 83 84 87 98 108 112 122 124 131 134 146 147 159 161 162 164 167 174 187 206 236 238 251 252 253 254 270 277 288 296 301 305 314 315 318 321 327 330 332 342 345 350 363 369 381 384 394 399 402 404 405 408 411 412 418 427 428 433 434 439 454 463 472 494]
  (78) [11 21 22 42 46 55 56 58 72 86 95 97 98 103 108 120 128 134 140 145 153 156 167 175 180 182 185 187 194 196 203 207 213 228 237 238 252 253 269 280 306 315 321 323 325 338 344 346 354 357 365 371 372 374 375 388 412 420 422 425 435 456 467 468 475 489]
  (79) [0 3 9 14 19 27 49 62 67 73 79 80 104 110 114 131 138 144 146 148 155 161 164 171 179 188 192 199 201 202 204 218 223 225 227 230 233 236 241 246 248 249 254 263 264 273 279 292 301 303 307 310 327 333 339 341 349 355 366 376 377 394 398 399 414 418 419 424 430 431 446 447 448 451 459 473 476 499]
  (80) [8 15 85 111 113 121 123 157 177 195 209 220 234 276 319 324 335 351 364 386 407 438 466]
  (81) [5 10 12 17 29 30 38 45 51 53 77 82 85 88 90 92 94 100 107 116 119 132 135 136 149 152 160 169 176 179 186 192 195 199 210 211 215 222 227 231 242 246 257 260 262 271 277 282 286 287 293 317 322 328 333 334 343 350 355 368 377 395 402 407 423 437 443 448 453 457 464 465 466 470 471 480]
  (82) [23 25 28 31 35 36 44 50 61 81 89 101 102 115 127 129 151 166 168 193 197 198 212 214 224 268 272 289 291 297 299 304 308 309 311 320 348 358 360 362 370 373 384 391 392 396 404 406 428 485 495]
  (83) [4 6 35 36 44 46 55 56 59 63 70 72 83 84 96 98 102 103 108 112 122 124 127 134 140 145 156 159 162 167 174 175 180 182 187 203 228 237 238 245 251 252 253 270 315 321 323 332 337 342 345 347 353 357 365 372 378 381 404 405 408 412 422 427 433 435 444 454 456 460 463 467 483 493 494 497]
  (84) [0 3 18 45 49 59 68 76 80 87 100 104 107 112 116 122 130 131 135 146 147 159 160 161 164 169 176 179 186 187 192 202 206 227 231 236 246 252 254 257 262 277 287 288 296 305 314 322 327 343 345 350 355 363 369 381 399 402 405 411 418 423 424 427 434 439 448 461 471 476]
  (85) [2 4 23 28 33 39 44 54 61 69 89 93 101 102 129 137 139 143 151 163 172 184 189 190 198 212 214 235 243 244 250 261 267 275 291 297 298 299 304 309 348 352 359 370 385 392 396 397 413 421 441 450 452 455 469 485 495 497]
  (86) [7 28 31 43 48 50 65 73 81 89 99 105 115 142 166 168 183 191 193 197 224 232 263 268 272 289 295 297 308 309 311 320 330 358 362 373 376 380 384 391 394 406 416 428 449 482 496]
  (87) [0 3 19 27 31 43 49 62 65 73 80 87 104 116 131 146 148 161 164 171 179 188 192 201 202 223 225 236 254 263 264 273 288 289 292 295 301 303 314 318 327 330 339 341 345 355 366 369 376 384 394 399 402 405 414 416 418 419 424 428 430 439 447 451 472 473 476 496 499]
  (88) [13 18 20 26 32 34 38 40 52 53 64 66 68 74 86 91 106 109 125 130 133 141 149 158 170 186 194 196 210 216 226 229 231 260 262 265 278 281 300 313 325 336 379 387 395 400 410 426 440 453 458 461 471 474 477 479 481 487 488 489 490 498]
  (89) [23 25 28 50 81 89 101 115 129 166 168 193 197 198 212 214 224 268 272 297 308 309 311 320 348 358 360 362 370 373 391 392 396 406 485 495]
  (90) [5 10 12 18 29 34 38 45 52 53 64 68 76 77 91 92 100 107 116 119 130 133 135 136 147 149 152 158 160 169 176 179 186 206 210 211 215 222 227 231 257 260 262 277 282 287 293 296 317 322 334 343 350 363 368 395 402 423 426 434 443 448 453 457 461 470 471 487]
  (91) [0 3 5 9 17 27 30 41 45 49 51 62 71 77 79 80 88 90 92 94 100 104 107 114 116 146 148 150 155 160 161 169 171 179 188 192 199 202 204 211 218 227 230 236 241 242 246 247 248 249 256 257 264 273 277 286 287 292 293 307 310 317 333 334 339 341 343 350 355 377 402 403 418 419 423 424 430 437 446 447 448 459 470 476 480]
  (92) [7 9 14 16 19 43 48 65 73 99 105 110 117 126 138 142 144 165 173 178 183 188 191 201 221 223 225 232 233 249 255 258 263 274 279 284 290 292 295 303 316 339 341 349 356 361 366 380 389 398 401 409 414 416 431 449 451 473 482 491 492 496 499]
  (93) [1 13 20 26 32 37 42 57 58 60 66 75 78 86 97 103 106 120 125 128 141 145 153 170 181 185 194 196 213 216 219 226 239 240 259 266 269 280 281 285 300 302 313 325 329 336 338 340 346 371 374 375 387 388 390 393 415 417 420 429 432 442 445 458 462 475 477 478 479 484 486 489 498]
  (94) [13 20 26 32 40 52 66 74 75 106 125 133 141 158 181 226 229 265 278 300 313 336 340 379 387 400 410 426 429 440 458 474 477 479 481 487 488 490 498]
  (95) [23 25 28 35 36 44 50 61 81 89 101 102 115 127 129 151 166 168 189 193 197 198 212 214 224 268 272 291 297 299 304 308 309 311 320 348 358 360 362 370 373 384 385 391 392 396 404 406 485 495]
  (96) [46 59 63 68 70 72 76 83 84 87 98 103 108 109 112 122 124 130 134 140 145 147 159 162 167 174 175 182 187 206 238 245 251 252 253 270 288 296 305 314 315 318 321 332 342 345 350 363 365 369 381 399 402 405 408 411 412 427 433 434 435 439 454 463 472 494]
  (97) [34 46 55 58 59 64 68 70 72 76 84 86 87 98 103 108 109 112 120 122 124 130 134 140 145 147 156 159 167 170 174 175 182 187 194 196 206 228 238 245 252 253 270 296 305 315 321 323 325 332 342 346 363 365 372 381 405 411 412 427 433 434 435 454 456 461 463 475 489]
  (98) [11 21 22 42 55 56 58 72 78 95 120 128 153 175 180 182 185 203 207 213 228 237 266 269 280 306 323 337 338 344 354 357 365 367 371 372 374 375 388 420 422 425 445 456 460 467 468]
  (99) [11 22 42 46 55 56 58 72 86 95 97 98 103 108 109 120 128 134 140 145 153 156 167 175 180 182 185 187 194 196 203 228 237 238 252 253 259 269 281 305 306 315 321 323 325 338 344 346 354 357 365 371 372 374 375 388 411 412 420 422 425 435 456 467 468 475 489]
]

! === INSTANCE STATISTICS ===
! Total facility cost: 541.47
! Total demand: 25444.00
! Budget ratio: 3.69%
! Coverage density: 11.63%
! Avg facilities per customer: 11.63
! Avg customers per facility: 58.17
! Facility cost range: [1.21, 9.99]
! Demand range: [1.00, 99.00]