! MCLP Instance: random_I50_J200_B10.0_R7.0_s44
! Generated from: S1.json
! Facilities: 50, Customers: 200
! Budget: 10.00

! === SCALARS ===
nI: 50
nJ: 200
BUDGET: 10.0

! === FACILITY INDICES ===
FACILITIES: [0 1 2 3 4 5 6 7 8 9 10 11 12 13 14 15 16 17 18 19 20 21 22 23 24 25 26 27 28 29 30 31 32 33 34 35 36 37 38 39 40 41 42 43 44 45 46 47 48 49]

! === CUSTOMER INDICES ===
CUSTOMERS: [0 1 2 3 4 5 6 7 8 9 10 11 12 13 14 15 16 17 18 19 20 21 22 23 24 25 26 27 28 29 30 31 32 33 34 35 36 37 38 39 40 41 42 43 44 45 46 47 48 49 50 51 52 53 54 55 56 57 58 59 60 61 62 63 64 65 66 67 68 69 70 71 72 73 74 75 76 77 78 79 80 81 82 83 84 85 86 87 88 89 90 91 92 93 94 95 96 97 98 99 100 101 102 103 104 105 106 107 108 109 110 111 112 113 114 115 116 117 118 119 120 121 122 123 124 125 126 127 128 129 130 131 132 133 134 135 136 137 138 139 140 141 142 143 144 145 146 147 148 149 150 151 152 153 154 155 156 157 158 159 160 161 162 163 164 165 166 167 168 169 170 171 172 173 174 175 176 177 178 179 180 181 182 183 184 185 186 187 188 189 190 191 192 193 194 195 196 197 198 199]

! === FACILITY COSTS ===
COST: [7.700000 6.480000 5.590000 5.110000 2.960000 8.940000 6.730000 8.860000 8.760000 2.430000 2.830000 9.920000 5.640000 1.650000 8.500000 9.370000 5.110000 2.380000 9.070000 3.860000 3.980000 8.180000 9.120000 7.080000 6.080000 6.690000 7.700000 8.800000 2.010000 5.490000 4.130000 5.960000 6.790000 4.100000 1.020000 4.770000 3.820000 7.100000 1.000000 1.580000 8.580000 2.050000 5.620000 4.650000 3.410000 7.550000 5.150000 3.830000 9.880000 5.040000]

! === CUSTOMER DEMANDS ===
DEMAND: [87.000000 6.000000 80.000000 38.000000 67.000000 57.000000 83.000000 43.000000 52.000000 20.000000 10.000000 9.000000 37.000000 63.000000 41.000000 19.000000 23.000000 78.000000 76.000000 51.000000 7.000000 96.000000 22.000000 56.000000 28.000000 51.000000 7.000000 29.000000 14.000000 53.000000 16.000000 62.000000 2.000000 55.000000 1.000000 12.000000 15.000000 67.000000 6.000000 59.000000 59.000000 60.000000 52.000000 2.000000 74.000000 83.000000 3.000000 4.000000 80.000000 56.000000 63.000000 47.000000 30.000000 13.000000 91.000000 9.000000 20.000000 29.000000 41.000000 27.000000 72.000000 49.000000 81.000000 96.000000 13.000000 61.000000 22.000000 71.000000 57.000000 73.000000 27.000000 67.000000 52.000000 57.000000 79.000000 94.000000 41.000000 81.000000 31.000000 5.000000 78.000000 34.000000 43.000000 35.000000 88.000000 80.000000 24.000000 46.000000 47.000000 28.000000 17.000000 57.000000 32.000000 36.000000 75.000000 80.000000 3.000000 24.000000 34.000000 33.000000 74.000000 97.000000 38.000000 55.000000 44.000000 96.000000 60.000000 92.000000 56.000000 50.000000 46.000000 18.000000 10.000000 43.000000 19.000000 10.000000 78.000000 44.000000 59.000000 83.000000 81.000000 86.000000 95.000000 28.000000 90.000000 43.000000 16.000000 3.000000 70.000000 42.000000 78.000000 45.000000 61.000000 52.000000 94.000000 6.000000 67.000000 58.000000 71.000000 94.000000 3.000000 94.000000 90.000000 6.000000 87.000000 97.000000 80.000000 76.000000 32.000000 63.000000 86.000000 99.000000 49.000000 38.000000 50.000000 80.000000 57.000000 11.000000 57.000000 60.000000 35.000000 28.000000 62.000000 57.000000 2.000000 60.000000 89.000000 69.000000 9.000000 43.000000 73.000000 56.000000 39.000000 56.000000 1.000000 43.000000 36.000000 78.000000 35.000000 38.000000 13.000000 8.000000 75.000000 72.000000 95.000000 2.000000 50.000000 52.000000 92.000000 17.000000 43.000000 8.000000 26.000000 99.000000 21.000000 52.000000 65.000000 18.000000 5.000000 96.000000]

! === COVERAGE SETS I_j ===
! For each customer j: list of facilities that can cover j
COVERAGE_I_j: [
  (0) [7 8 9 13 20 27 32 35]
  (1) [1 2 4 10 17 19 20 36 37 40 41 49]
  (2) [1 2 4 6 17 20 21 36 37 40 41 42 45 48 49]
  (3) [10 19 24 28 36]
  (4) [2 8 11 25 30 35 45 48]
  (5) [8 11 13 22 23 35 43 46]
  (6) [1 2 20 25 30 40 45 48 49]
  (7) [7 10 19 24 28 36]
  (8) [12 15 25 42 44]
  (9) [10 19 24 28]
  (10) [22 23 43 46]
  (11) [3 11 15 25 30 38 39 44]
  (12) [10 19 28]
  (13) [10 19 24 28]
  (14) [11 25 30 35 38 46]
  (15) [1 2 4 7 10 19 20 36 37 40 41 45 48 49]
  (16) [3 5 14 15 26 39 44 47]
  (17) [7 9 13 24 27 32]
  (18) [8 11 22 30 35 38 43 46]
  (19) [4 6 17 21 34 36 37 40 41 49]
  (20) [12 18 31 44]
  (21) [8 13 22 23 35 46]
  (22) [8 11 25 30 35 38 46]
  (23) [8 9 13 23 27 32 35]
  (24) [1 4 10 19 36 37 40]
  (25) [3 5 14 15 26 39 44 47]
  (26) [11 15 25 30 38]
  (27) [3 11 30 38 39]
  (28) [0 6 16 17 21 29 33 34 42]
  (29) [8 11 22 25 30 35 38 46]
  (30) [22 23 43 46]
  (31) [0 16 18 29 31]
  (32) [2 15 25 30 45 48]
  (33) [8 11 22 30 35 38 43 46]
  (34) [1 2 7 9 20 27 36 40 45 48 49]
  (35) [22 23]
  (36) [1 4 10 17 19 21 36 37 40 41 49]
  (37) [0 12 16 18 29 31 33 34]
  (38) [2 8 11 20 25 30 35 45 48]
  (39) [0 4 6 17 21 33 34 41 42 49]
  (40) [8 9 13 22 23 32 35]
  (41) [11 22 30 38 43 46]
  (42) [4 6 17 21 37 41]
  (43) [3 15 38 39]
  (44) [7 24 27 28]
  (45) [0 6 12 16 18 29 31 33 34]
  (46) [3 11 15 25 30 38 39 44]
  (47) [11 22 38 43 46]
  (48) [8 9 13 23 27 32 35]
  (49) [12 15 42 44]
  (50) [7 8 9 13 27 32 35]
  (51) [4 10 19 28 36 37]
  (52) [11 15 25 30 38]
  (53) [8 13 22 23 35 43 46]
  (54) [4 10 17 19 36 37]
  (55) [3 5 39 47]
  (56) [0 16 18 29 31 33 34]
  (57) [11 22 30 35 38 43 46]
  (58) [11 22 25 30 38 43 46]
  (59) [6 12 31 42]
  (60) [3 5 14 26 39 44 47]
  (61) [11 22 38 43 46]
  (62) [12 14 26 44]
  (63) [14 15 25 26 39 44 47]
  (64) [10 19 28]
  (65) [12 18 31]
  (66) [2 7 8 9 20 27 35]
  (67) [12 18 31 44]
  (68) [8 9 13 22 23 32 35]
  (69) [0 6 16 17 21 29 33 34]
  (70) [4 10 19 36 37]
  (71) [12 18 31]
  (72) [1 2 7 20 36 37 40 41 45 48 49]
  (73) [7 8 9 13 27 32 35]
  (74) [3 11 30 38 39]
  (75) [23]
  (76) [2 15 25 40 42 45 48 49]
  (77) [11 22 30 35 38 43 46]
  (78) [2 7 8 9 20 27 32 35]
  (79) [2 25 40 42 45 48 49]
  (80) [3 5 14 26 39 44 47]
  (81) [7 8 9 20 24 27 32]
  (82) [11 22 30 35 38 43 46]
  (83) [10 19 24 28 36 37]
  (84) [7 8 9 13 27 32 35]
  (85) [13 22 23]
  (86) [3 38 43]
  (87) [11 22 30 35 38 43 46]
  (88) [0 6 12 18 31 34 42]
  (89) [0 16 29 33]
  (90) [6 12 34 41 42 45 48 49]
  (91) [3 11 25 30 38 43 46]
  (92) [0 6 12 16 18 31 33 34 42]
  (93) [13 22 23]
  (94) [0 6 16 21 29 33 34]
  (95) [13 22 23 35]
  (96) [3 5 39 47]
  (97) [7 8 9 13 20 27 32 35]
  (98) [8 11 13 22 23 35 43 46]
  (99) [10 19 28]
  (100) [6 12 21 34 40 41 42 45 48 49]
  (101) [14 15 26 39 44 47]
  (102) [11 22 38 43 46]
  (103) [5 14 26 39 44 47]
  (104) [0 6 12 31 33 34 42]
  (105) [15 25 42 45 48]
  (106) [12 18 31]
  (107) [14 15 25 26 39 44]
  (108) [4 6 17 21 33 34]
  (109) [7 8 9 13 23 27 32 35]
  (110) [3 5 14 26 39 44 47]
  (111) [3 5 14 15 25 26 39 44 47]
  (112) [13 22 23]
  (113) [4 10 17 19 21 36 37 41]
  (114) [4 10 19 28 36 37]
  (115) [12 18 31]
  (116) [1 2 20 25 40 41 42 45 48 49]
  (117) [1 4 6 17 21 36 37 40 41 49]
  (118) [3 5 39 47]
  (119) [1 2 4 20 36 37 40 41 45 48 49]
  (120) [2 12 40 41 42 45 48 49]
  (121) [7 24 27 28]
  (122) [1 2 7 19 20 36 37 40 41 45 48 49]
  (123) [6 12 18 31 34 42]
  (124) [0 6 12 31 33 34 42]
  (125) [4 10 19 36 37]
  (126) [6 12 21 33 34 40 41 42 45 48 49]
  (127) [3 5 14 15 26 39 44 47]
  (128) [4 6 17 21 33 34 36 37 41 49]
  (129) [1 2 20 40 41 45 48 49]
  (130) [1 2 7 9 20 27 36 40 48 49]
  (131) [10 19 28]
  (132) [0 16 18 29 31]
  (133) [3 38]
  (134) [12 31 44]
  (135) [1 2 4 20 36 37 40 41 45 48 49]
  (136) [10 19 24 28]
  (137) [3 14 15 25 38 39 44 47]
  (138) [1 4 10 17 19 21 36 37 40 41 49]
  (139) [3 14 15 25 38 39 44 47]
  (140) [12 14 15 26 44]
  (141) [3 5 14 15 26 39 44 47]
  (142) [1 2 7 9 20 24 27 36]
  (143) [1 7 8 9 20 24 27 32]
  (144) [8 11 22 30 35 38 43 46]
  (145) [12 31 44]
  (146) [7 8 9 13 27 32 35]
  (147) [1 2 4 6 17 21 36 37 40 41 42 45 48 49]
  (148) [0 12 16 18 29 31]
  (149) [7 9 13 24 27 32]
  (150) [0 16 18 29 31 33]
  (151) [10 19 28]
  (152) [12 15 25 39 44]
  (153) [4 6 17 21 33 34 37 41]
  (154) [6 12 34 41 42 45 48 49]
  (155) [8 11 22 25 30 35 38 46]
  (156) [14 26 39 44 47]
  (157) [0 6 16 21 29 33 34]
  (158) [10 19 24 28]
  (159) [3 5 14 15 26 39 44 47]
  (160) [6 12 31 34 42]
  (161) [12 14 15 25 42 44]
  (162) [8 11 22 30 35 38 43 46]
  (163) [0 6 16 21 29 33 34]
  (164) [8 11 25 30 35 38]
  (165) [7 8 9 13 20 27 32 35]
  (166) [8 9 11 13 22 35 46]
  (167) [14 15 26 39 44 47]
  (168) [6 12 31 34 42 45]
  (169) [3 5 14 15 26 39 44 47]
  (170) [11 15 25 30 38 44]
  (171) [7 9 13 24 27 32]
  (172) [12 18 31]
  (173) [3 15 38 39 47]
  (174) [11 22 30 38 43 46]
  (175) [7 8 9 13 20 27 32 35]
  (176) [11 22 30 38 43 46]
  (177) [3 38 43]
  (178) [8 11 22 30 35 38 46]
  (179) [0 4 6 17 21 29 33 34]
  (180) [3 5 39 47]
  (181) [1 2 7 20 36 40 41 45 48 49]
  (182) [3 15 25 30 38 39]
  (183) [3 5 39 47]
  (184) [7 8 9 13 23 27 32 35]
  (185) [12 18 31]
  (186) [5 14 15 26 39 44 47]
  (187) [1 2 7 8 9 20 27 32 35]
  (188) [7 24 27 28]
  (189) [7 8 9 13 27 32 35]
  (190) [12 18 31]
  (191) [1 2 20 40 41 42 45 48 49]
  (192) [6 12 34 40 41 42 45 48 49]
  (193) [0 6 12 16 21 29 31 33 34]
  (194) [3 5 39 47]
  (195) [4 6 17 21 34 36 37 41]
  (196) [7 10 19 24 27 28]
  (197) [0 16 29 33 34]
  (198) [12 18 31]
  (199) [12 14 15 26 44]
]

! === REVERSE COVERAGE SETS J_i ===
! For each facility i: list of customers covered by i
COVERAGE_J_i: [
  (0) [28 31 37 39 45 56 69 88 89 92 94 104 124 132 148 150 157 163 179 193 197]
  (1) [1 2 6 15 24 34 36 72 116 117 119 122 129 130 135 138 142 143 147 181 187 191]
  (2) [1 2 4 6 15 32 34 38 66 72 76 78 79 116 119 120 122 129 130 135 142 147 181 187 191]
  (3) [11 16 25 27 43 46 55 60 74 80 86 91 96 110 111 118 127 133 137 139 141 159 169 173 177 180 182 183 194]
  (4) [1 2 15 19 24 36 39 42 51 54 70 108 113 114 117 119 125 128 135 138 147 153 179 195]
  (5) [16 25 55 60 80 96 103 110 111 118 127 141 159 169 180 183 186 194]
  (6) [2 19 28 39 42 45 59 69 88 90 92 94 100 104 108 117 123 124 126 128 147 153 154 157 160 163 168 179 192 193 195]
  (7) [0 7 15 17 34 44 50 66 72 73 78 81 84 97 109 121 122 130 142 143 146 149 165 171 175 181 184 187 188 189 196]
  (8) [0 4 5 18 21 22 23 29 33 38 40 48 50 53 66 68 73 78 81 84 97 98 109 143 144 146 155 162 164 165 166 175 178 184 187 189]
  (9) [0 17 23 34 40 48 50 66 68 73 78 81 84 97 109 130 142 143 146 149 165 166 171 175 184 187 189]
  (10) [1 3 7 9 12 13 15 24 36 51 54 64 70 83 99 113 114 125 131 136 138 151 158 196]
  (11) [4 5 11 14 18 22 26 27 29 33 38 41 46 47 52 57 58 61 74 77 82 87 91 98 102 144 155 162 164 166 170 174 176 178]
  (12) [8 20 37 45 49 59 62 65 67 71 88 90 92 100 104 106 115 120 123 124 126 134 140 145 148 152 154 160 161 168 172 185 190 192 193 198 199]
  (13) [0 5 17 21 23 40 48 50 53 68 73 84 85 93 95 97 98 109 112 146 149 165 166 171 175 184 189]
  (14) [16 25 60 62 63 80 101 103 107 110 111 127 137 139 140 141 156 159 161 167 169 186 199]
  (15) [8 11 16 25 26 32 43 46 49 52 63 76 101 105 107 111 127 137 139 140 141 152 159 161 167 169 170 173 182 186 199]
  (16) [28 31 37 45 56 69 89 92 94 132 148 150 157 163 193 197]
  (17) [1 2 19 28 36 39 42 54 69 108 113 117 128 138 147 153 179 195]
  (18) [20 31 37 45 56 65 67 71 88 92 106 115 123 132 148 150 172 185 190 198]
  (19) [1 3 7 9 12 13 15 24 36 51 54 64 70 83 99 113 114 122 125 131 136 138 151 158 196]
  (20) [0 1 2 6 15 34 38 66 72 78 81 97 116 119 122 129 130 135 142 143 165 175 181 187 191]
  (21) [2 19 28 36 39 42 69 94 100 108 113 117 126 128 138 147 153 157 163 179 193 195]
  (22) [5 10 18 21 29 30 33 35 40 41 47 53 57 58 61 68 77 82 85 87 93 95 98 102 112 144 155 162 166 174 176 178]
  (23) [5 10 21 23 30 35 40 48 53 68 75 85 93 95 98 109 112 184]
  (24) [3 7 9 13 17 44 81 83 121 136 142 143 149 158 171 188 196]
  (25) [4 6 8 11 14 22 26 29 32 38 46 52 58 63 76 79 91 105 107 111 116 137 139 152 155 161 164 170 182]
  (26) [16 25 60 62 63 80 101 103 107 110 111 127 140 141 156 159 167 169 186 199]
  (27) [0 17 23 34 44 48 50 66 73 78 81 84 97 109 121 130 142 143 146 149 165 171 175 184 187 188 189 196]
  (28) [3 7 9 12 13 44 51 64 83 99 114 121 131 136 151 158 188 196]
  (29) [28 31 37 45 56 69 89 94 132 148 150 157 163 179 193 197]
  (30) [4 6 11 14 18 22 26 27 29 32 33 38 41 46 52 57 58 74 77 82 87 91 144 155 162 164 170 174 176 178 182]
  (31) [20 31 37 45 56 59 65 67 71 88 92 104 106 115 123 124 132 134 145 148 150 160 168 172 185 190 193 198]
  (32) [0 17 23 40 48 50 68 73 78 81 84 97 109 143 146 149 165 171 175 184 187 189]
  (33) [28 37 39 45 56 69 89 92 94 104 108 124 126 128 150 153 157 163 179 193 197]
  (34) [19 28 37 39 45 56 69 88 90 92 94 100 104 108 123 124 126 128 153 154 157 160 163 168 179 192 193 195 197]
  (35) [0 4 5 14 18 21 22 23 29 33 38 40 48 50 53 57 66 68 73 77 78 82 84 87 95 97 98 109 144 146 155 162 164 165 166 175 178 184 187 189]
  (36) [1 2 3 7 15 19 24 34 36 51 54 70 72 83 113 114 117 119 122 125 128 130 135 138 142 147 181 195]
  (37) [1 2 15 19 24 36 42 51 54 70 72 83 113 114 117 119 122 125 128 135 138 147 153 195]
  (38) [11 14 18 22 26 27 29 33 41 43 46 47 52 57 58 61 74 77 82 86 87 91 102 133 137 139 144 155 162 164 170 173 174 176 177 178 182]
  (39) [11 16 25 27 43 46 55 60 63 74 80 96 101 103 107 110 111 118 127 137 139 141 152 156 159 167 169 173 180 182 183 186 194]
  (40) [1 2 6 15 19 24 34 36 72 76 79 100 116 117 119 120 122 126 129 130 135 138 147 181 191 192]
  (41) [1 2 15 19 36 39 42 72 90 100 113 116 117 119 120 122 126 128 129 135 138 147 153 154 181 191 192 195]
  (42) [2 8 28 39 49 59 76 79 88 90 92 100 104 105 116 120 123 124 126 147 154 160 161 168 191 192]
  (43) [5 10 18 30 33 41 47 53 57 58 61 77 82 86 87 91 98 102 144 162 174 176 177]
  (44) [8 11 16 20 25 46 49 60 62 63 67 80 101 103 107 110 111 127 134 137 139 140 141 145 152 156 159 161 167 169 170 186 199]
  (45) [2 4 6 15 32 34 38 72 76 79 90 100 105 116 119 120 122 126 129 135 147 154 168 181 191 192]
  (46) [5 10 14 18 21 22 29 30 33 41 47 53 57 58 61 77 82 87 91 98 102 144 155 162 166 174 176 178]
  (47) [16 25 55 60 63 80 96 101 103 110 111 118 127 137 139 141 156 159 167 169 173 180 183 186 194]
  (48) [2 4 6 15 32 34 38 72 76 79 90 100 105 116 119 120 122 126 129 130 135 147 154 181 191 192]
  (49) [1 2 6 15 19 34 36 39 72 76 79 90 100 116 117 119 120 122 126 128 129 130 135 138 147 154 181 191 192]
]

! === INSTANCE STATISTICS ===
! Total facility cost: 283.05
! Total demand: 9749.00
! Budget ratio: 3.53%
! Coverage density: 13.07%
! Avg facilities per customer: 6.54
! Avg customers per facility: 26.14
! Facility cost range: [1.00, 9.92]
! Demand range: [1.00, 99.00]