! MCLP Instance: random_I50_J200_B10.0_R7.0_s43
! Generated from: S2.json
! Facilities: 50, Customers: 200
! Budget: 10.00

! === SCALARS ===
nI: 50
nJ: 200
BUDGET: 10.0

! === FACILITY INDICES ===
FACILITIES: [0 1 2 3 4 5 6 7 8 9 10 11 12 13 14 15 16 17 18 19 20 21 22 23 24 25 26 27 28 29 30 31 32 33 34 35 36 37 38 39 40 41 42 43 44 45 46 47 48 49]

! === CUSTOMER INDICES ===
CUSTOMERS: [0 1 2 3 4 5 6 7 8 9 10 11 12 13 14 15 16 17 18 19 20 21 22 23 24 25 26 27 28 29 30 31 32 33 34 35 36 37 38 39 40 41 42 43 44 45 46 47 48 49 50 51 52 53 54 55 56 57 58 59 60 61 62 63 64 65 66 67 68 69 70 71 72 73 74 75 76 77 78 79 80 81 82 83 84 85 86 87 88 89 90 91 92 93 94 95 96 97 98 99 100 101 102 103 104 105 106 107 108 109 110 111 112 113 114 115 116 117 118 119 120 121 122 123 124 125 126 127 128 129 130 131 132 133 134 135 136 137 138 139 140 141 142 143 144 145 146 147 148 149 150 151 152 153 154 155 156 157 158 159 160 161 162 163 164 165 166 167 168 169 170 171 172 173 174 175 176 177 178 179 180 181 182 183 184 185 186 187 188 189 190 191 192 193 194 195 196 197 198 199]

! === FACILITY COSTS ===
COST: [2.200000 8.730000 1.260000 8.220000 8.800000 3.840000 8.640000 9.590000 1.740000 3.360000 5.280000 9.180000 1.940000 4.710000 6.660000 2.860000 7.620000 4.700000 7.030000 5.860000 8.160000 3.700000 3.790000 3.210000 7.260000 5.530000 6.350000 1.220000 1.570000 6.500000 9.590000 4.910000 4.990000 5.410000 7.770000 7.990000 5.970000 8.460000 4.890000 2.150000 7.700000 4.010000 4.720000 7.540000 6.260000 5.710000 4.410000 5.210000 5.580000 1.850000]

! === CUSTOMER DEMANDS ===
DEMAND: [58.000000 89.000000 17.000000 26.000000 78.000000 25.000000 62.000000 82.000000 76.000000 33.000000 8.000000 82.000000 82.000000 27.000000 91.000000 41.000000 48.000000 49.000000 75.000000 10.000000 62.000000 72.000000 19.000000 79.000000 49.000000 72.000000 54.000000 66.000000 33.000000 35.000000 66.000000 1.000000 88.000000 82.000000 4.000000 53.000000 45.000000 50.000000 75.000000 88.000000 98.000000 50.000000 13.000000 60.000000 34.000000 46.000000 36.000000 42.000000 5.000000 4.000000 27.000000 73.000000 37.000000 2.000000 84.000000 22.000000 39.000000 17.000000 21.000000 99.000000 88.000000 33.000000 1.000000 40.000000 78.000000 2.000000 75.000000 23.000000 59.000000 81.000000 5.000000 97.000000 26.000000 79.000000 45.000000 66.000000 34.000000 43.000000 54.000000 43.000000 82.000000 26.000000 79.000000 63.000000 41.000000 43.000000 18.000000 4.000000 9.000000 73.000000 77.000000 78.000000 78.000000 10.000000 4.000000 76.000000 93.000000 15.000000 53.000000 24.000000 57.000000 64.000000 72.000000 85.000000 96.000000 14.000000 74.000000 95.000000 1.000000 62.000000 83.000000 70.000000 63.000000 46.000000 91.000000 70.000000 41.000000 97.000000 22.000000 27.000000 53.000000 99.000000 96.000000 67.000000 83.000000 37.000000 52.000000 5.000000 63.000000 41.000000 37.000000 73.000000 20.000000 90.000000 63.000000 69.000000 6.000000 13.000000 35.000000 98.000000 67.000000 79.000000 39.000000 94.000000 92.000000 89.000000 49.000000 88.000000 61.000000 26.000000 41.000000 25.000000 51.000000 82.000000 84.000000 58.000000 62.000000 96.000000 33.000000 77.000000 35.000000 60.000000 88.000000 6.000000 78.000000 55.000000 20.000000 3.000000 6.000000 41.000000 94.000000 2.000000 64.000000 63.000000 12.000000 90.000000 81.000000 6.000000 47.000000 70.000000 86.000000 32.000000 1.000000 50.000000 88.000000 25.000000 66.000000 20.000000 79.000000 22.000000 19.000000 93.000000 87.000000 86.000000 84.000000 60.000000 82.000000 6.000000 16.000000 60.000000]

! === COVERAGE SETS I_j ===
! For each customer j: list of facilities that can cover j
COVERAGE_I_j: [
  (0) [3 7 9 12 18 26 31 32 39 45]
  (1) [14 24 27 30 37 42 46]
  (2) [12 14 19 24 30 42 46]
  (3) [2 3 12 14 18 19 24 39 46]
  (4) [7 9 26 31 32 44]
  (5) [12 14 19 24 30 37 42 46]
  (6) [8 11 15 16]
  (7) [28 33 40 45 49]
  (8) [28 40 49]
  (9) [11 24 30 35 37]
  (10) [0 1 5 10 22 34 47]
  (11) [1 4 20 34 41 43 48 49]
  (12) [12 14 24 42 46]
  (13) [1 5 20 28 49]
  (14) [2 3 7 9 12 18 26 31 32 39 40 45]
  (15) [8 17 21 38]
  (16) [28 29 31 33 40 45]
  (17) [0 5 8 17 21 23 38]
  (18) [7 9 12 26 32]
  (19) [6 13 15 25 36]
  (20) [2 8 17 18 19 28 38 39]
  (21) [2 8 17 28 38 39]
  (22) [6 13 15 25 36]
  (23) [3 18 28 31 33 40 45]
  (24) [1 4 20 28 48 49]
  (25) [1 5 20 22 28 49]
  (26) [0 6 15 21 23 36]
  (27) [1 4 5 20 28 43 48 49]
  (28) [0 5 8 10 17 21 22 23 38 47]
  (29) [0 5 10 22 34 47]
  (30) [1 5 8 17 21 23 38]
  (31) [2 3 8 17 18 19 38 39]
  (32) [8 15 16 21 36 38]
  (33) [28 29 31 33 40 45]
  (34) [2 12 14 19 24 39 42 46]
  (35) [3 18 28 31 33 40 45]
  (36) [4 20 41 43 48 49]
  (37) [29 33 40]
  (38) [2 8 17 21 38]
  (39) [11 24 30 35 37]
  (40) [14 24 27 30 37 42 46]
  (41) [0 6 10 21 23 38 47]
  (42) [8 17 21 23 38]
  (43) [2 8 17 19 28 38 39]
  (44) [2 3 8 17 18 19 38 39]
  (45) [1 5 17 23 28 38 49]
  (46) [1 5 20 22 23 28 47 49]
  (47) [12 14 19 24 30 37 42 46]
  (48) [8 13 15 16 21 23 36 38]
  (49) [0 6 13 15 21 23 25 36]
  (50) [1 5 20 28 49]
  (51) [11 24 27 30 35 37]
  (52) [20 34 41 43 48]
  (53) [3 18 28 29 31 33 40 45]
  (54) [1 4 20 28 48 49]
  (55) [11 15 16 36]
  (56) [11 24 30 35 37]
  (57) [0 5 10 21 22 23 47]
  (58) [4 29 33 49]
  (59) [6 13 15 25 36]
  (60) [0 5 10 21 22 23 47]
  (61) [8 15 16 17 21 38]
  (62) [1 5 20 22 28 34 49]
  (63) [12 14 24 42 46]
  (64) [7 9 26 31 32 45]
  (65) [4 20 34 41 43 48]
  (66) [28 29 31 33 40]
  (67) [1 5 10 20 22 34 47]
  (68) [11 15 16 36]
  (69) [1 4 5 20 22 34 48 49]
  (70) [0 6 13 15 21 23 25 36]
  (71) [9 26 31 32 33 40 44 45]
  (72) [4 20 41 43 48 49]
  (73) [9 26 31 32 44]
  (74) [4 20 41 43 48 49]
  (75) [0 1 5 17 21 22 23 38 47]
  (76) [3 18 28 31 33 39 40 45]
  (77) [0 5 10 21 22 23 38 47]
  (78) [11 16 35]
  (79) [11 13 15 16 36]
  (80) [2 12 14 19 24 39 42 46]
  (81) [4 20 41 43 48 49]
  (82) [2 3 12 14 18 19 24 39 42 46]
  (83) [0 6 10 15 21 23 36 47]
  (84) [3 18 28 31 33 40 45]
  (85) [7 12 14 19 42 46]
  (86) [1 5 10 20 22 34 47]
  (87) [1 4 20 41 43 48 49]
  (88) [2 3 7 9 12 18 26 31 32 39 40 45 46]
  (89) [0 6 10 21 23 38 47]
  (90) [27 30 35 37]
  (91) [0 5 8 17 21 22 23 38 47]
  (92) [2 14 19 24 30 39 42 46]
  (93) [2 3 12 14 18 19 24 39 46]
  (94) [6 13 15 21 25 36]
  (95) [0 1 5 10 22 23 34 47]
  (96) [14 24 27 30 35 37 42]
  (97) [0 6 10 47]
  (98) [4 20 28 29 33 48 49]
  (99) [6 13 15 16 25 36]
  (100) [2 3 7 9 12 18 26 31 32 39 40 45]
  (101) [2 14 19 24 30 35 37 42 46]
  (102) [1 5 20 28 49]
  (103) [8 17 21 23 38]
  (104) [11 24 30 35 37]
  (105) [3 7 9 12 18 26 31 32 39 45]
  (106) [2 3 17 18 28 39 40 45]
  (107) [2 3 12 14 18 19 24 39 42 46]
  (108) [1 4 20 43 48 49]
  (109) [0 1 5 10 21 22 23 34 47]
  (110) [0 1 5 20 22 23 34 47]
  (111) [14 24 27 30 37 42]
  (112) [8 11 16]
  (113) [11 16 35]
  (114) [6 13 25 36]
  (115) [8 15 16 21 36]
  (116) [2 3 8 17 18 19 38 39]
  (117) [0 6 13 15 21 25 36]
  (118) [12 14 19 24 30 37 42 46]
  (119) [28 29 31 33 40 45 49]
  (120) [2 8 14 19 24 39 46]
  (121) [0 1 5 17 21 22 23 38 47]
  (122) [3 7 9 18 26 31 32 39 40 45]
  (123) [0 6 10 23 47]
  (124) [29 33 40]
  (125) [0 1 5 8 17 21 22 23 38]
  (126) [14 24 27 30 37 42]
  (127) [2 8 17 19 24 38 39 46]
  (128) [4 20 29 48 49]
  (129) [8 11 19 24 35]
  (130) [3 9 18 26 31 32 39 40 45]
  (131) [0 5 10 22 34 47]
  (132) [0 6 13 25 36]
  (133) [2 8 17 21 23 28 38]
  (134) [1 4 20 28 49]
  (135) [6 13 15 16 25 36]
  (136) [4 28 29 33 40 49]
  (137) [2 3 17 18 28 39 40 45]
  (138) [3 7 9 12 18 26 32 39 45 46]
  (139) [1 4 20 41 43 48 49]
  (140) [2 3 14 17 18 19 24 39 46]
  (141) [2 8 17 19 24 38 39]
  (142) [1 4 20 34 41 43 48 49]
  (143) [0 6 8 13 15 21 23 36 38]
  (144) [2 3 8 17 18 28 38 39]
  (145) [1 4 20 28 43 48 49]
  (146) [7 12 14 19 24 42 46]
  (147) [1 4 20 28 48 49]
  (148) [0 1 5 10 20 22 34 47]
  (149) [1 4 5 20 22 28 34 48 49]
  (150) [27 30 35 37]
  (151) [4 20 28 29 48 49]
  (152) [13 15 16 36]
  (153) [2 14 19 24 35 46]
  (154) [6 13 15 16 21 25 36]
  (155) [2 8 17 19 24 38]
  (156) [3 7 9 26 31 32 44 45]
  (157) [1 4 5 20 22 28 49]
  (158) [12 14 42 46]
  (159) [2 14 19 24 30 37 42 46]
  (160) [8 15 17 21 23 38]
  (161) [28 31 33 40 45 49]
  (162) [3 7 9 26 31 32 45]
  (163) [0 6 10 21 23 36 47]
  (164) [1 5 20 22 28 49]
  (165) [2 8 17 19 21 38]
  (166) [0 5 8 17 21 23 38]
  (167) [29 31 33 40 44 45]
  (168) [20 34 41 43 48]
  (169) [2 8 17 19 38 39]
  (170) [20 22 34 41 43 48]
  (171) [28 29 33 40 49]
  (172) [7 9 12 32 46]
  (173) [1 5 28 49]
  (174) [26 31 32 44]
  (175) [1 20 22 34 47]
  (176) [1 5 20 22 34 47]
  (177) [6 8 13 15 16 21 23 36 38]
  (178) [20 34 41 43 48]
  (179) [2 3 8 17 18 19 38 39]
  (180) [1 20 22 34 41 43 48]
  (181) [2 8 17 19 24 38 39]
  (182) [0 6 15 21 23 36 38]
  (183) [9 26 31 32 44]
  (184) [2 3 12 14 18 19 24 39 42 46]
  (185) [13 15 16 25 36]
  (186) [12 14 24 42 46]
  (187) [1 5 8 17 21 22 23 38]
  (188) [2 3 18 28 31 39 40 45]
  (189) [1 5 10 20 22 34 47]
  (190) [0 1 5 10 22 23 34 47]
  (191) [2 8 17 19 21 38]
  (192) [1 5 17 22 23 28 38 49]
  (193) [1 4 5 20 22 34 41 43 48 49]
  (194) [14 19 24 30 35 37 42 46]
  (195) [29 31 33 40]
  (196) [27 30 35 37]
  (197) [8 15 17 21 23 38]
  (198) [0 6 10 13 15 21 23 25 36]
  (199) [3 7 9 12 18 26 31 32 45]
]

! === REVERSE COVERAGE SETS J_i ===
! For each facility i: list of customers covered by i
COVERAGE_J_i: [
  (0) [10 17 26 28 29 41 49 57 60 70 75 77 83 89 91 95 97 109 110 117 121 123 125 131 132 143 148 163 166 182 190 198]
  (1) [10 11 13 24 25 27 30 45 46 50 54 62 67 69 75 86 87 95 102 108 109 110 121 125 134 139 142 145 147 148 149 157 164 173 175 176 180 187 189 190 192 193]
  (2) [3 14 20 21 31 34 38 43 44 80 82 88 92 93 100 101 106 107 116 120 127 133 137 140 141 144 153 155 159 165 169 179 181 184 188 191]
  (3) [0 3 14 23 31 35 44 53 76 82 84 88 93 100 105 106 107 116 122 130 137 138 140 144 156 162 179 184 188 199]
  (4) [11 24 27 36 54 58 65 69 72 74 81 87 98 108 128 134 136 139 142 145 147 149 151 157 193]
  (5) [10 13 17 25 27 28 29 30 45 46 50 57 60 62 67 69 75 77 86 91 95 102 109 110 121 125 131 148 149 157 164 166 173 176 187 189 190 192 193]
  (6) [19 22 26 41 49 59 70 83 89 94 97 99 114 117 123 132 135 143 154 163 177 182 198]
  (7) [0 4 14 18 64 85 88 100 105 122 138 146 156 162 172 199]
  (8) [6 15 17 20 21 28 30 31 32 38 42 43 44 48 61 91 103 112 115 116 120 125 127 129 133 141 143 144 155 160 165 166 169 177 179 181 187 191 197]
  (9) [0 4 14 18 64 71 73 88 100 105 122 130 138 156 162 172 183 199]
  (10) [10 28 29 41 57 60 67 77 83 86 89 95 97 109 123 131 148 163 189 190 198]
  (11) [6 9 39 51 55 56 68 78 79 104 112 113 129]
  (12) [0 2 3 5 12 14 18 34 47 63 80 82 85 88 93 100 105 107 118 138 146 158 172 184 186 199]
  (13) [19 22 48 49 59 70 79 94 99 114 117 132 135 143 152 154 177 185 198]
  (14) [1 2 3 5 12 34 40 47 63 80 82 85 92 93 96 101 107 111 118 120 126 140 146 153 158 159 184 186 194]
  (15) [6 19 22 26 32 48 49 55 59 61 68 70 79 83 94 99 115 117 135 143 152 154 160 177 182 185 197 198]
  (16) [6 32 48 55 61 68 78 79 99 112 113 115 135 152 154 177 185]
  (17) [15 17 20 21 28 30 31 38 42 43 44 45 61 75 91 103 106 116 121 125 127 133 137 140 141 144 155 160 165 166 169 179 181 187 191 192 197]
  (18) [0 3 14 20 23 31 35 44 53 76 82 84 88 93 100 105 106 107 116 122 130 137 138 140 144 179 184 188 199]
  (19) [2 3 5 20 31 34 43 44 47 80 82 85 92 93 101 107 116 118 120 127 129 140 141 146 153 155 159 165 169 179 181 184 191 194]
  (20) [11 13 24 25 27 36 46 50 52 54 62 65 67 69 72 74 81 86 87 98 102 108 110 128 134 139 142 145 147 148 149 151 157 164 168 170 175 176 178 180 189 193]
  (21) [15 17 26 28 30 32 38 41 42 48 49 57 60 61 70 75 77 83 89 91 94 103 109 115 117 121 125 133 143 154 160 163 165 166 177 182 187 191 197 198]
  (22) [10 25 28 29 46 57 60 62 67 69 75 77 86 91 95 109 110 121 125 131 148 149 157 164 170 175 176 180 187 189 190 192 193]
  (23) [17 26 28 30 41 42 45 46 48 49 57 60 70 75 77 83 89 91 95 103 109 110 121 123 125 133 143 160 163 166 177 182 187 190 192 197 198]
  (24) [1 2 3 5 9 12 34 39 40 47 51 56 63 80 82 92 93 96 101 104 107 111 118 120 126 127 129 140 141 146 153 155 159 181 184 186 194]
  (25) [19 22 49 59 70 94 99 114 117 132 135 154 185 198]
  (26) [0 4 14 18 64 71 73 88 100 105 122 130 138 156 162 174 183 199]
  (27) [1 40 51 90 96 111 126 150 196]
  (28) [7 8 13 16 20 21 23 24 25 27 33 35 43 45 46 50 53 54 62 66 76 84 98 102 106 119 133 134 136 137 144 145 147 149 151 157 161 164 171 173 188 192]
  (29) [16 33 37 53 58 66 98 119 124 128 136 151 167 171 195]
  (30) [1 2 5 9 39 40 47 51 56 90 92 96 101 104 111 118 126 150 159 194 196]
  (31) [0 4 14 16 23 33 35 53 64 66 71 73 76 84 88 100 105 119 122 130 156 161 162 167 174 183 188 195 199]
  (32) [0 4 14 18 64 71 73 88 100 105 122 130 138 156 162 172 174 183 199]
  (33) [7 16 23 33 35 37 53 58 66 71 76 84 98 119 124 136 161 167 171 195]
  (34) [10 11 29 52 62 65 67 69 86 95 109 110 131 142 148 149 168 170 175 176 178 180 189 190 193]
  (35) [9 39 51 56 78 90 96 101 104 113 129 150 153 194 196]
  (36) [19 22 26 32 48 49 55 59 68 70 79 83 94 99 114 115 117 132 135 143 152 154 163 177 182 185 198]
  (37) [1 5 9 39 40 47 51 56 90 96 101 104 111 118 126 150 159 194 196]
  (38) [15 17 20 21 28 30 31 32 38 41 42 43 44 45 48 61 75 77 89 91 103 116 121 125 127 133 141 143 144 155 160 165 166 169 177 179 181 182 187 191 192 197]
  (39) [0 3 14 20 21 31 34 43 44 76 80 82 88 92 93 100 105 106 107 116 120 122 127 130 137 138 140 141 144 169 179 181 184 188]
  (40) [7 8 14 16 23 33 35 37 53 66 71 76 84 88 100 106 119 122 124 130 136 137 161 167 171 188 195]
  (41) [11 36 52 65 72 74 81 87 139 142 168 170 178 180 193]
  (42) [1 2 5 12 34 40 47 63 80 82 85 92 96 101 107 111 118 126 146 158 159 184 186 194]
  (43) [11 27 36 52 65 72 74 81 87 108 139 142 145 168 170 178 180 193]
  (44) [4 71 73 156 167 174 183]
  (45) [0 7 14 16 23 33 35 53 64 71 76 84 88 100 105 106 119 122 130 137 138 156 161 162 167 188 199]
  (46) [1 2 3 5 12 34 40 47 63 80 82 85 88 92 93 101 107 118 120 127 138 140 146 153 158 159 172 184 186 194]
  (47) [10 28 29 41 46 57 60 67 75 77 83 86 89 91 95 97 109 110 121 123 131 148 163 175 176 189 190]
  (48) [11 24 27 36 52 54 65 69 72 74 81 87 98 108 128 139 142 145 147 149 151 168 170 178 180 193]
  (49) [7 8 11 13 24 25 27 36 45 46 50 54 58 62 69 72 74 81 87 98 102 108 119 128 134 136 139 142 145 147 149 151 157 161 164 171 173 192 193]
]

! === INSTANCE STATISTICS ===
! Total facility cost: 274.63
! Total demand: 10485.00
! Budget ratio: 3.64%
! Coverage density: 13.31%
! Avg facilities per customer: 6.66
! Avg customers per facility: 26.62
! Facility cost range: [1.22, 9.59]
! Demand range: [1.00, 99.00]